133 0.8237905015534842 0.20372836218375498 0.8699511762094984 0.20372836218375498 0.8699511762094984 0.30892143808255657 0.8237905015534842 0.30892143808255657
133 0.9409675987572127 0.21837549933422104 0.9782512205947627 0.21837549933422104 0.9782512205947627 0.30758988015978694 0.9409675987572127 0.30758988015978694
133 0.9036839769196626 0.2237017310252996 0.9391921881935198 0.2237017310252996 0.9391921881935198 0.30492676431424764 0.9036839769196626 0.30492676431424764
119 0.7652019529516201 0.23568575233022637 0.8078118064802485 0.23568575233022637 0.8078118064802485 0.3102529960053262 0.7652019529516201 0.3102529960053262
28 0.692410119840213 0.21171770972037288 0.7279183311140701 0.21171770972037288 0.7279183311140701 0.30758988015978694 0.692410119840213 0.30758988015978694
28 0.7332445628051487 0.20239680426098533 0.7687527740790059 0.20239680426098533 0.7687527740790059 0.30758988015978694 0.7332445628051487 0.30758988015978694
28 0.619618286728806 0.23302263648468707 0.6498002663115847 0.23302263648468707 0.6498002663115847 0.3022636484687084 0.619618286728806 0.3022636484687084
28 0.655126498002663 0.20505992010652463 0.6888592987128274 0.20505992010652463 0.6888592987128274 0.31158455392809586 0.655126498002663 0.31158455392809586
97 0.5557035064358633 0.22237017310252993 0.5947625388371061 0.22237017310252993 0.5947625388371061 0.31158455392809586 0.5557035064358633 0.31158455392809586
97 0.8930315135375055 0.7030625832223701 0.9462938304482912 0.7030625832223701 0.9462938304482912 0.7416777629826897 0.8930315135375055 0.7416777629826897
136 0.3018197958277852 0.20505992010652463 0.3479804704837994 0.20505992010652463 0.3479804704837994 0.2996005326231691 0.3018197958277852 0.2996005326231691
136 0.3497558810474921 0.2050599201065246 0.3834886817576564 0.2050599201065246 0.3834886817576564 0.30758988015978694 0.3497558810474921 0.30758988015978694
136 0.3852640923213493 0.20239680426098533 0.4154460719041278 0.20239680426098533 0.4154460719041278 0.303595206391478 0.3852640923213493 0.303595206391478
136 0.41899689303151355 0.20505992010652463 0.45450510430537056 0.20505992010652463 0.45450510430537056 0.3062583222370173 0.41899689303151355 0.3062583222370173
136 0.45628051486906346 0.20505992010652463 0.5006657789613849 0.20505992010652463 0.5006657789613849 0.30758988015978694 0.45628051486906346 0.30758988015978694
136 0.5042166000887706 0.20505992010652463 0.5361739902352419 0.20505992010652463 0.5361739902352419 0.3155792276964048 0.5042166000887706 0.3155792276964048
19 0.01420328450954283 0.20505992010652463 0.05503772747447847 0.20505992010652463 0.05503772747447847 0.3022636484687084 0.01420328450954283 0.3022636484687084
19 0.06036395916555703 0.20239680426098533 0.10119840213049265 0.20239680426098533 0.10119840213049265 0.30892143808255657 0.06036395916555703 0.30892143808255657
131 0.11717709720372836 0.5406125166444741 0.15978695073235685 0.5406125166444741 0.15978695073235685 0.6218375499334221 0.11717709720372836 0.6218375499334221
131 0.17931646693297823 0.525965379494008 0.21837549933422104 0.525965379494008 0.21837549933422104 0.6151797603195739 0.17931646693297823 0.6151797603195739
107 0.4083444296493564 0.5326231691078562 0.438526409232135 0.5326231691078562 0.438526409232135 0.6191744340878829 0.4083444296493564 0.6191744340878829
31 0.47758544163337774 0.5286284953395473 0.5059920106524634 0.5286284953395473 0.5059920106524634 0.6138482023968044 0.47758544163337774 0.6138482023968044
31 0.5148690634709276 0.5299600532623169 0.5450510430537062 0.5299600532623169 0.5450510430537062 0.6218375499334221 0.5148690634709276 0.6218375499334221
31 0.5468958160135761 0.5331957271915114 0.5784241779123632 0.5331957271915114 0.5784241779123632 0.6186860931093765 0.5468958160135761 0.6186860931093765
31 0.6899860738619173 0.5150062876345188 0.7215144357607044 0.5150062876345188 0.7215144357607044 0.6114103172865795 0.6899860738619173 0.6114103172865795
31 0.725152323672103 0.5413809749921581 0.7469796511404941 0.5413809749921581 0.7469796511404941 0.6132292612422786 0.725152323672103 0.6132292612422786
31 0.749404909748093 0.5532041107042033 0.7760827544316822 0.5532041107042033 0.7760827544316822 0.612319789264429 0.749404909748093 0.612319789264429
31 0.7882090474696772 0.5559325266377521 0.8209500386722638 0.5559325266377521 0.8209500386722638 0.612319789264429 0.7882090474696772 0.612319789264429
31 0.8270131851912613 0.5568419986156017 0.8670299522166448 0.5568419986156017 0.8670299522166448 0.6132292612422786 0.8270131851912613 0.6132292612422786
31 0.867029952216645 0.5468378068592559 0.8912825382926352 0.5468378068592559 0.8912825382926352 0.6095913733308801 0.867029952216645 0.6095913733308801
103 0.2206985332915096 0.5532041107042033 0.2607153003168932 0.5532041107042033 0.2607153003168932 0.6214145090429253 0.2206985332915096 0.6214145090429253
31 0.3747024548740465 0.5450188629035566 0.40865607538043264 0.5450188629035566 0.40865607538043264 0.6177766211315269 0.3747024548740465 0.6177766211315269
120 0.10913663734195529 0.7132711788057374 0.16006706810153445 0.7132711788057374 0.16006706810153445 0.7769342172552114 0.10913663734195529 0.7769342172552114
120 0.16491758531673242 0.7069048749607901 0.20857224025351453 0.7069048749607901 0.20857224025351453 0.7760247452773618 0.16491758531673242 0.7760247452773618
120 0.2109974988611136 0.7241848425399331 0.2413132314561012 0.7241848425399331 0.2413132314561012 0.7851194650558582 0.2109974988611136 0.7851194650558582
39 0.29951943803847736 0.7014480430936927 0.35044986879805645 0.7014480430936927 0.35044986879805645 0.7796626331887605 0.29951943803847736 0.7796626331887605
39 0.686348185950519 0.7478311139640235 0.7336407287986996 0.7478311139640235 0.7336407287986996 0.7742058013216626 0.686348185950519 0.7742058013216626
39 0.68392292734292 0.7132711788057376 0.7324280994949001 0.7132711788057376 0.7324280994949001 0.7378269222076776 0.68392292734292 0.7378269222076776
39 0.6596703412669299 0.6668881079354069 0.715451289241707 0.6668881079354069 0.715451289241707 0.7069048749607904 0.6596703412669299 0.7069048749607904
84 0.7372786167100981 0.7469216419861737 0.7882090474696773 0.7469216419861737 0.7882090474696773 0.7751152732995124 0.7372786167100981 0.7751152732995124
59 0.7979100819000733 0.7405553381412264 0.8439899954444544 0.7405553381412264 0.8439899954444544 0.7723868573659636 0.7979100819000733 0.7723868573659636
59 0.7785080130392812 0.7078143469386399 0.8330763317102589 0.7078143469386399 0.8330763317102589 0.7423742820969258 0.7785080130392812 0.7423742820969258
39 0.06063146518997517 0.7078143469386399 0.09579771500016077 0.7078143469386399 0.09579771500016077 0.7896668249451064 0.06063146518997517 0.7896668249451064
39 0.004850517215198013 0.705085931005091 0.04971780145577965 0.705085931005091 0.04971780145577965 0.7878478809894071 0.004850517215198013 0.7878478809894071
121 0.3553003860132546 0.705085931005091 0.4086560753804327 0.705085931005091 0.4086560753804327 0.7778436892330611 0.3553003860132546 0.7778436892330611
103 0.8961330555078332 0.5459283348814062 0.9252361587990211 0.5459283348814062 0.9252361587990211 0.6186860931093765 0.8961330555078332 0.6186860931093765
107 0.9531266327864096 0.5341051991693611 0.9846549946851969 0.5341051991693611 0.9846549946851969 0.6114103172865795 0.9531266327864096 0.6114103172865795
117 0.9264487881028206 0.5359241431250603 0.9507013741788106 0.5359241431250603 0.9507013741788106 0.61050084530873 0.9264487881028206 0.61050084530873
