90 0.001557632398753894 0.17172897196261683 0.12149532710280374 0.17172897196261683 0.12149532710280374 0.3271028037383177 0.001557632398753894 0.3271028037383177
90 0.1261682242990654 0.18691588785046728 0.2523364485981308 0.18691588785046728 0.2523364485981308 0.33528037383177567 0.1261682242990654 0.33528037383177567
90 0.2601246105919003 0.17172897196261683 0.40809968847352024 0.17172897196261683 0.40809968847352024 0.33528037383177567 0.2601246105919003 0.33528037383177567
90 0.4205607476635514 0.19859813084112146 0.5841121495327103 0.19859813084112146 0.5841121495327103 0.33294392523364486 0.4205607476635514 0.33294392523364486
142 0.00778816199376947 0.0455607476635514 0.15264797507788158 0.0455607476635514 0.15264797507788158 0.14369158878504673 0.00778816199376947 0.14369158878504673
61 0.15887850467289716 0.012850467289719624 0.3489096573208722 0.012850467289719624 0.3489096573208722 0.13901869158878505 0.15887850467289716 0.13901869158878505
148 0.040498442367601244 0.42757009345794394 0.1542056074766355 0.42757009345794394 0.1542056074766355 0.4883177570093459 0.040498442367601244 0.4883177570093459
148 0.48442367601246106 0.5257009345794392 0.5420560747663551 0.5257009345794392 0.5420560747663551 0.5654205607476636 0.48442367601246106 0.5654205607476636
148 0.5420560747663551 0.5257009204186743 0.5950155763239875 0.5257009204186743 0.5950155763239875 0.5654205465868984 0.5420560747663551 0.5654205465868984
148 0.6043613707165109 0.5257009345794392 0.6495327102803738 0.5257009345794392 0.6495327102803738 0.5607476635514018 0.6043613707165109 0.5607476635514018
148 0.48130841121495327 0.5677570093457944 0.5420560747663551 0.5677570093457944 0.5420560747663551 0.6121495327102805 0.48130841121495327 0.6121495327102805
148 0.5467289719626168 0.5677570093457944 0.5996884735202492 0.5677570093457944 0.5996884735202492 0.6028037383177571 0.5467289719626168 0.6028037383177571
148 0.6043613707165109 0.5665887850467289 0.6479750778816199 0.5665887850467289 0.6479750778816199 0.6039719626168224 0.6043613707165109 0.6039719626168224
148 0.602803738317757 0.6063084112149533 0.6510903426791276 0.6063084112149533 0.6510903426791276 0.6366822429906541 0.602803738317757 0.6366822429906541
148 0.543613707165109 0.6074766355140186 0.5934579439252337 0.6074766355140186 0.5934579439252337 0.6483644859813082 0.543613707165109 0.6483644859813082
148 0.4937694704049844 0.6156542056074766 0.5404984423676013 0.6156542056074766 0.5404984423676013 0.6460280373831776 0.4937694704049844 0.6460280373831776
11 0.43146417445482865 0.5373831775700935 0.48130841121495327 0.5373831775700935 0.48130841121495327 0.5700934579439252 0.43146417445482865 0.5700934579439252
11 0.43146417445482865 0.5782710280373832 0.47663551401869153 0.5782710280373832 0.47663551401869153 0.6144859813084113 0.43146417445482865 0.6144859813084113
11 0.43457943925233644 0.6191588785046729 0.48286604361370716 0.6191588785046729 0.48286604361370716 0.647196261682243 0.43457943925233644 0.647196261682243
11 0.37850467289719625 0.5735981308411215 0.43613707165109034 0.5735981308411215 0.43613707165109034 0.610981308411215 0.37850467289719625 0.610981308411215
11 0.38785046728971956 0.530373831775701 0.43302180685358244 0.530373831775701 0.43302180685358244 0.5724299065420559 0.38785046728971956 0.5724299065420559
11 0.37850467289719625 0.6156542056074766 0.43457943925233644 0.6156542056074766 0.43457943925233644 0.6483644859813082 0.37850467289719625 0.6483644859813082
11 0.3411214953271028 0.5268691588785047 0.38940809968847356 0.5268691588785047 0.38940809968847356 0.558411214953271 0.3411214953271028 0.558411214953271
11 0.3411214953271028 0.5677570093457944 0.3862928348909657 0.5677570093457944 0.3862928348909657 0.5992990654205608 0.3411214953271028 0.5992990654205608
11 0.3442367601246106 0.602803738317757 0.38629283489096566 0.602803738317757 0.38629283489096566 0.6483644859813082 0.3442367601246106 0.6483644859813082
124 0.7398753894080997 0.5315420560747663 0.7990654205607477 0.5315420560747663 0.7990654205607477 0.5782710280373832 0.7398753894080997 0.5782710280373832
124 0.8130841121495327 0.530373831775701 0.8722741433021807 0.530373831775701 0.8722741433021807 0.580607476635514 0.8130841121495327 0.580607476635514
124 0.7445482866043613 0.5876168224299065 0.8052959501557633 0.5876168224299065 0.8052959501557633 0.639018691588785 0.7445482866043613 0.639018691588785
124 0.8115264797507789 0.5735981308411215 0.8769470404984425 0.5735981308411215 0.8769470404984425 0.6471962616822429 0.8115264797507789 0.6471962616822429
124 0.27258566978193144 0.3598130841121495 0.36292834890965725 0.3598130841121495 0.36292834890965725 0.4252336448598131 0.27258566978193144 0.4252336448598131
124 0.27258566978193144 0.42523364485981296 0.36760124610591904 0.42523364485981296 0.36760124610591904 0.4976635514018691 0.27258566978193144 0.4976635514018691
124 0.37227414330218067 0.42990654205607476 0.46417445482866043 0.42990654205607476 0.46417445482866043 0.49182242990654207 0.37227414330218067 0.49182242990654207
11 0.15109034267912771 0.3574766355140187 0.26791277258566976 0.3574766355140187 0.26791277258566976 0.4240654205607476 0.15109034267912771 0.4240654205607476
11 0.1588785046728972 0.4287383177570094 0.26635514018691586 0.4287383177570094 0.26635514018691586 0.49065420560747663 0.1588785046728972 0.49065420560747663
105 0.5809968847352025 0.419392523364486 0.6713395638629283 0.419392523364486 0.6713395638629283 0.49649532710280375 0.5809968847352025 0.49649532710280375
144 0.4657320872274143 0.41822429906542063 0.5700934579439251 0.41822429906542063 0.5700934579439251 0.49415887850467294 0.4657320872274143 0.49415887850467294
142 0.649532710280374 0.23130841121495327 0.7632398753894082 0.23130841121495327 0.7632398753894082 0.33060747663551404 0.649532710280374 0.33060747663551404
142 0.08566978193146417 0.5245327102803738 0.17912772585669778 0.5245327102803738 0.17912772585669778 0.6285046728971962 0.08566978193146417 0.6285046728971962
142 0.0 0.5268691588785047 0.0763239875389408 0.5268691588785047 0.0763239875389408 0.6378504672897195 0.0 0.6378504672897195
17 0.7320872274143302 0.6693925233644858 0.7959501557632398 0.6693925233644858 0.7959501557632398 0.727803738317757 0.7320872274143302 0.727803738317757
102 0.8037383177570093 0.8586448598130844 0.8925233644859812 0.8586448598130844 0.8925233644859812 0.9404205607476637 0.8037383177570093 0.9404205607476637
102 0.7165109034267912 0.8282710280373833 0.7866043613707165 0.8282710280373833 0.7866043613707165 0.9053738317757011 0.7165109034267912 0.9053738317757011
156 0.24610591900311526 0.8341121495327103 0.30062305295950154 0.8341121495327103 0.30062305295950154 0.8925233644859814 0.24610591900311526 0.8925233644859814
156 0.24299065420560748 0.8971962616822429 0.29906542056074764 0.8971962616822429 0.29906542056074764 0.9439252336448598 0.24299065420560748 0.9439252336448598
156 0.31308411214953275 0.8376168224299064 0.3722741433021807 0.8376168224299064 0.3722741433021807 0.8983644859813081 0.31308411214953275 0.8983644859813081
156 0.3052959501557632 0.8971962616822429 0.3598130841121495 0.8971962616822429 0.3598130841121495 0.9357476635514018 0.3052959501557632 0.9357476635514018
156 0.3831775700934579 0.8247663551401869 0.4439252336448598 0.8247663551401869 0.4439252336448598 0.8960280373831775 0.3831775700934579 0.8960280373831775
156 0.4454828660436137 0.8247663551401869 0.5031152647975078 0.8247663551401869 0.5031152647975078 0.8913551401869159 0.4454828660436137 0.8913551401869159
156 0.440809968847352 0.8960280373831775 0.4968847352024922 0.8960280373831775 0.4968847352024922 0.9299065420560748 0.440809968847352 0.9299065420560748
156 0.17445482866043613 0.8738317757009346 0.24143302180685358 0.8738317757009346 0.24143302180685358 0.9380841121495326 0.17445482866043613 0.9380841121495326
156 0.20093457943925233 0.8271028037383179 0.2445482866043614 0.8271028037383179 0.2445482866043614 0.8714953271028036 0.20093457943925233 0.8714953271028036
79 0.048286604361370715 0.8504672897196259 0.10747663551401869 0.8504672897196259 0.10747663551401869 0.9345794392523364 0.048286604361370715 0.9345794392523364
47 0.11214953271028037 0.8586448598130844 0.17445482866043613 0.8586448598130844 0.17445482866043613 0.9380841121495328 0.11214953271028037 0.9380841121495328
155 0.661993769470405 0.8609813084112151 0.7289719626168224 0.8609813084112151 0.7289719626168224 0.9287383177570094 0.661993769470405 0.9287383177570094
155 0.5919003115264797 0.8761682242990654 0.6542056074766355 0.8761682242990654 0.6542056074766355 0.9264018691588787 0.5919003115264797 0.9264018691588787
