146 0.0011547344110854503 0.2802155504234026 0.04849884526558892 0.2802155504234026 0.04849884526558892 0.4973056197074673 0.0011547344110854503 0.4973056197074673
146 0.05311778290993072 0.2786759045419553 0.11316397228637413 0.2786759045419553 0.11316397228637413 0.49884526558891457 0.05311778290993072 0.49884526558891457
39 0.11778290993071591 0.28329484218629714 0.18013856812933027 0.28329484218629714 0.18013856812933027 0.5204003079291762 0.11778290993071591 0.5204003079291762
39 0.1859122401847575 0.30331023864511164 0.23787528868360278 0.30331023864511164 0.23787528868360278 0.5096227867590454 0.1859122401847575 0.5096227867590454
39 0.24249422632794454 0.3433410315627406 0.2817551963048499 0.3433410315627406 0.2817551963048499 0.5142417244033872 0.24249422632794454 0.5142417244033872
28 0.28290993071593534 0.317167051578137 0.3302540415704388 0.317167051578137 0.3302540415704388 0.5096227867590454 0.28290993071593534 0.5096227867590454
28 0.3371824480369515 0.3418013856812933 0.3799076212471132 0.3418013856812933 0.3799076212471132 0.4911470361816782 0.3371824480369515 0.4911470361816782
28 0.38221709006928406 0.3418013856812933 0.41570438799076215 0.3418013856812933 0.41570438799076215 0.49422632794457283 0.38221709006928406 0.49422632794457283
28 0.41801385681293296 0.3556581986143187 0.45381062355658186 0.3556581986143187 0.45381062355658186 0.49884526558891457 0.41801385681293296 0.49884526558891457
28 0.46073903002309463 0.3556581986143187 0.5069284064665126 0.3556581986143187 0.5069284064665126 0.5019245573518091 0.46073903002309463 0.5019245573518091
28 0.5115473441108545 0.3833718244803695 0.5369515011547346 0.3833718244803695 0.5369515011547346 0.4973056197074673 0.5115473441108545 0.4973056197074673
28 0.5496535796766744 0.39107005388760585 0.571593533487298 0.39107005388760585 0.571593533487298 0.5111624326404927 0.5496535796766744 0.5111624326404927
28 0.5762124711316398 0.38953040800615857 0.5969976905311778 0.38953040800615857 0.5969976905311778 0.48960739030023087 0.5762124711316398 0.48960739030023087
133 0.5969976905311778 0.36643571978444955 0.6200923787528869 0.36643571978444955 0.6200923787528869 0.48036951501154734 0.5969976905311778 0.48036951501154734
133 0.6235565819861432 0.36335642802155504 0.6547344110854503 0.36335642802155504 0.6547344110854503 0.49422632794457283 0.6235565819861432 0.49422632794457283
133 0.6581986143187067 0.36951501154734406 0.6812933025404158 0.36951501154734406 0.6812933025404158 0.4973056197074673 0.6581986143187067 0.4973056197074673
133 0.6836027713625866 0.37567359507313325 0.7055427251732102 0.37567359507313325 0.7055427251732102 0.5080831408775982 0.6836027713625866 0.5080831408775982
133 0.7113163972286374 0.380292532717475 0.7401847575057736 0.380292532717475 0.7401847575057736 0.5080831408775982 0.7113163972286374 0.5080831408775982
31 0.0034642032332563516 0.7498075442648191 0.04965357967667437 0.7498075442648191 0.04965357967667437 0.9776751347190146 0.0034642032332563516 0.9776751347190146
31 0.04503464203233257 0.6989992301770591 0.11316397228637413 0.6989992301770591 0.11316397228637413 0.9391839876828328 0.04503464203233257 0.9391839876828328
31 0.11547344110854503 0.7143956889915318 0.1489607390300231 0.7143956889915318 0.1489607390300231 0.9053117782909931 0.11547344110854503 0.9053117782909931
31 0.15473441108545036 0.6943802925327175 0.1963048498845266 0.6943802925327175 0.1963048498845266 0.9083910700538878 0.15473441108545036 0.9083910700538878
31 0.30369515011547343 0.6728252501924559 0.3348729792147806 0.6728252501924559 0.3348729792147806 0.8837567359507313 0.30369515011547343 0.8837567359507313
31 0.3348729792147806 0.6266358737490377 0.37644341801385683 0.6266358737490377 0.37644341801385683 0.8606620477290223 0.3348729792147806 0.8606620477290223
31 0.38221709006928406 0.6712856043110084 0.41108545034642024 0.6712856043110084 0.41108545034642024 0.8314087759815242 0.38221709006928406 0.8314087759815242
31 0.40877598152424943 0.651270207852194 0.4376443418013857 0.651270207852194 0.4376443418013857 0.8190916089299463 0.40877598152424943 0.8190916089299463
31 0.45612009237875284 0.6266358737490377 0.4942263279445728 0.6266358737490377 0.4942263279445728 0.8344880677444187 0.45612009237875284 0.8344880677444187
31 0.4872979214780601 0.5896843725943033 0.5138568129330254 0.5896843725943033 0.5138568129330254 0.7036181678214011 0.4872979214780601 0.7036181678214011
31 0.5173210161662818 0.5850654349499617 0.5288683602771362 0.5850654349499617 0.5288683602771362 0.685142417244034 0.5173210161662818 0.685142417244034
31 0.5288683602771362 0.5773672055427251 0.5577367205542725 0.5773672055427251 0.5577367205542725 0.6897613548883756 0.5288683602771362 0.6897613548883756
31 0.5311778290993071 0.6913010007698229 0.5531177829099307 0.6913010007698229 0.5531177829099307 0.7713625866050808 0.5311778290993071 0.7713625866050808
31 0.5161662817551963 0.6866820631254812 0.5300230946882217 0.6866820631254812 0.5300230946882217 0.7852193995381062 0.5161662817551963 0.7852193995381062
31 0.5808314087759815 0.6558891454965358 0.6096997690531177 0.6558891454965358 0.6096997690531177 0.7621247113163973 0.5808314087759815 0.7621247113163973
31 0.4965357967667437 0.7097767513471901 0.5173210161662818 0.7097767513471901 0.5173210161662818 0.806774441878368 0.4965357967667437 0.806774441878368
31 0.2702078521939954 0.6774441878367975 0.2979214780600462 0.6774441878367975 0.2979214780600462 0.8806774441878368 0.2702078521939954 0.8806774441878368
20 0.2217090069284065 0.697459584295612 0.26789838337182453 0.697459584295612 0.26789838337182453 0.8945342571208621 0.2217090069284065 0.8945342571208621
131 0.7321016166281755 0.6035411855273287 0.7517321016166282 0.6035411855273287 0.7517321016166282 0.6989992301770591 0.7321016166281755 0.6989992301770591
131 0.7609699769053119 0.6004618937644342 0.7759815242494228 0.6004618937644342 0.7759815242494228 0.7051578137028485 0.7609699769053119 0.7051578137028485
131 0.7794457274826789 0.5958429561200924 0.7933025404157045 0.5958429561200924 0.7933025404157045 0.6943802925327174 0.7794457274826789 0.6943802925327174
125 0.6108545034642032 0.6297151655119323 0.6327944572748267 0.6297151655119323 0.6327944572748267 0.7421093148575828 0.6108545034642032 0.7421093148575828
125 0.6339491916859122 0.6327944572748267 0.6478060046189377 0.6327944572748267 0.6478060046189377 0.7344110854503465 0.6339491916859122 0.7344110854503465
125 0.6501154734411085 0.628175519630485 0.6685912240184757 0.628175519630485 0.6685912240184757 0.7498075442648191 0.6501154734411085 0.7498075442648191
125 0.6720554272517321 0.6266358737490377 0.6986143187066975 0.6266358737490377 0.6986143187066975 0.7251732101616627 0.6720554272517321 0.7251732101616627
