158 0.03289473684210526 0.03508771929824561 0.19078947368421054 0.03508771929824561 0.19078947368421054 0.20175438596491224 0.03289473684210526 0.20175438596491224
158 0.007675438596491228 0.22807017543859645 0.1875 0.22807017543859645 0.1875 0.43567251461988304 0.007675438596491228 0.43567251461988304
41 0.18969298245614033 0.20906432748538015 0.3508771929824561 0.20906432748538015 0.3508771929824561 0.4298245614035088 0.18969298245614033 0.4298245614035088
41 0.36184210526315796 0.25877192982456143 0.4649122807017544 0.25877192982456143 0.4649122807017544 0.4444444444444445 0.36184210526315796 0.4444444444444445
41 0.23574561403508773 0.007309941520467835 0.3826754385964912 0.007309941520467835 0.3826754385964912 0.13742690058479531 0.23574561403508773 0.13742690058479531
110 0.48903508771929827 0.25584795321637427 0.5635964912280702 0.25584795321637427 0.5635964912280702 0.4459064327485381 0.48903508771929827 0.4459064327485381
110 0.5953947368421053 0.2807017543859649 0.6644736842105263 0.2807017543859649 0.6644736842105263 0.4692982456140351 0.5953947368421053 0.4692982456140351
79 0.7467105263157895 0.2850877192982456 0.8245614035087719 0.2850877192982456 0.8245614035087719 0.4269005847953216 0.7467105263157895 0.4269005847953216
79 0.8311403508771931 0.2631578947368421 0.9035087719298247 0.2631578947368421 0.9035087719298247 0.3976608187134503 0.8311403508771931 0.3976608187134503
134 0.18092105263157893 0.5190058479532164 0.3201754385964912 0.5190058479532164 0.3201754385964912 0.7119883040935674 0.18092105263157893 0.7119883040935674
134 0.32565789473684215 0.5116959064327485 0.47368421052631576 0.5116959064327485 0.47368421052631576 0.7046783625730995 0.32565789473684215 0.7046783625730995
108 0.48793859649122806 0.5 0.5844298245614035 0.5 0.5844298245614035 0.6973684210526315 0.48793859649122806 0.6973684210526315
