11 0.34975588104749217 0.2010652463382157 0.49711495783399906 0.2010652463382157 0.49711495783399906 0.31424766977363516 0.34975588104749217 0.31424766977363516
11 0.06213936972924989 0.08655126498002662 0.19529516200621397 0.08655126498002662 0.19529516200621397 0.17443408788282289 0.06213936972924989 0.17443408788282289
144 0.2041722148246782 0.0013315579227696406 0.4047936085219707 0.0013315579227696406 0.4047936085219707 0.11451398135818906 0.2041722148246782 0.11451398135818906
144 0.511318242343542 0.07456724367509987 0.6338215712383488 0.07456724367509987 0.6338215712383488 0.14913448735019974 0.511318242343542 0.14913448735019974
144 0.5237461162893919 0.0013315579227696406 0.6480248557478917 0.0013315579227696406 0.6480248557478917 0.06524633821571238 0.5237461162893919 0.06524633821571238
124 0.47403462050599204 0.3488681757656458 0.5752330226364847 0.3488681757656458 0.5752330226364847 0.4087882822902797 0.47403462050599204 0.4087882822902797
124 0.4669329782512206 0.41145139813581894 0.5805592543275633 0.41145139813581894 0.5805592543275633 0.47403462050599204 0.4669329782512206 0.47403462050599204
124 0.49889036839769196 0.47536617842876167 0.5699067909454061 0.47536617842876167 0.5699067909454061 0.5286284953395473 0.49889036839769196 0.5286284953395473
124 0.23080337328007106 0.5432756324900133 0.3142476697736352 0.5432756324900133 0.3142476697736352 0.6151797603195739 0.23080337328007106 0.6151797603195739
124 0.3905903240124278 0.5352862849533955 0.4829116733244562 0.5352862849533955 0.4829116733244562 0.5898801597869507 0.3905903240124278 0.5898801597869507
124 0.37283621837549935 0.5845539280958721 0.45450510430537056 0.5845539280958721 0.45450510430537056 0.6471371504660451 0.37283621837549935 0.6471371504660451
124 0.35153129161118507 0.6484687083888149 0.4438526409232135 0.6484687083888149 0.4438526409232135 0.6950732356857523 0.35153129161118507 0.6950732356857523
124 0.3550821127385709 0.6990679094540613 0.43497558810474923 0.6990679094540613 0.43497558810474923 0.7576564580559254 0.3550821127385709 0.7576564580559254
124 0.2929427430093209 0.7057256990679095 0.3639591655570351 0.7057256990679095 0.3639591655570351 0.7723035952063915 0.2929427430093209 0.7723035952063915
11 0.22902796271637815 0.6191744340878829 0.3177984909010209 0.6191744340878829 0.3177984909010209 0.6697736351531292 0.22902796271637815 0.6697736351531292
11 0.23080337328007106 0.6737683089214381 0.3053706169551709 0.6737683089214381 0.3053706169551709 0.7270306258322236 0.23080337328007106 0.7270306258322236
11 0.2201509098979139 0.7296937416777631 0.3071460275188637 0.7296937416777631 0.3071460275188637 0.7789613848202398 0.2201509098979139 0.7789613848202398
37 0.5663559698180204 0.6085219707057257 0.6586773191300488 0.6085219707057257 0.6586773191300488 0.7443408788282291 0.5663559698180204 0.7443408788282291
152 0.5042166000887706 0.5739014647137151 0.5716822015090989 0.5739014647137151 0.5716822015090989 0.6138482023968043 0.5042166000887706 0.6138482023968043
152 0.5130936529072347 0.6790945406125166 0.5628051486906346 0.6790945406125166 0.5628051486906346 0.7217043941411451 0.5130936529072347 0.7217043941411451
144 0.46338215712383485 0.62982689747004 0.5237461162893919 0.62982689747004 0.5237461162893919 0.6764314247669774 0.46338215712383485 0.6764314247669774
144 0.44917887261429207 0.6804260985352861 0.5130936529072349 0.6804260985352861 0.5130936529072349 0.7430093209054592 0.44917887261429207 0.7430093209054592
144 0.5929871282734133 0.2210386151797603 0.6746560142032846 0.2210386151797603 0.6746560142032846 0.34487350199733685 0.5929871282734133 0.34487350199733685
75 0.6799822458943631 0.23435419440745672 0.8362183754993343 0.23435419440745672 0.8362183754993343 0.2929427430093209 0.6799822458943631 0.2929427430093209
75 0.6995117620949843 0.3009320905459387 0.8273413226808698 0.3009320905459387 0.8273413226808698 0.35685752330226367 0.6995117620949843 0.35685752330226367
75 0.8557478916999556 0.2756324900133156 0.9835774522858411 0.2756324900133156 0.9835774522858411 0.33954727030625836 0.8557478916999556 0.33954727030625836
75 0.8433200177541056 0.3262316910785619 1.0 0.3262316910785619 1.0 0.3941411451398136 0.8433200177541056 0.3941411451398136
129 0.80248557478917 0.4873501997336884 0.9001331557922768 0.4873501997336884 0.9001331557922768 0.6018641810918774 0.80248557478917 0.6018641810918774
129 0.8894806924101197 0.4607190412782956 0.9853528628495339 0.4607190412782956 0.9853528628495339 0.6151797603195739 0.8894806924101197 0.6151797603195739
129 0.6995117620949843 0.5139813581890812 0.7989347536617841 0.5139813581890812 0.7989347536617841 0.5938748335552596 0.6995117620949843 0.5938748335552596
129 0.7137150466045273 0.4434087882822903 0.8202396804260985 0.4434087882822903 0.8202396804260985 0.47403462050599204 0.7137150466045273 0.47403462050599204
129 0.7332445628051487 0.47802929427430096 0.8078118064802485 0.47802929427430096 0.8078118064802485 0.5166444740346205 0.7332445628051487 0.5166444740346205
95 0.7314691522414559 0.6391478029294274 0.7829560585885486 0.6391478029294274 0.7829560585885486 0.7390146471371504 0.7314691522414559 0.7390146471371504
95 0.7829560585885486 0.6471371504660453 0.8592987128273412 0.6471371504660453 0.8592987128273412 0.766977363515313 0.7829560585885486 0.766977363515313
58 0.8646249445184199 0.6657789613848203 0.9675987572126054 0.6657789613848203 0.9675987572126054 0.8015978695073235 0.8646249445184199 0.8015978695073235
148 0.6675543719485132 0.7430093209054592 0.8202396804260985 0.7430093209054592 0.8202396804260985 0.873501997336884 0.6675543719485132 0.873501997336884
95 0.8237905015534842 0.8202396804260985 0.8912561029738127 0.8202396804260985 0.8912561029738127 0.9214380825565912 0.8237905015534842 0.9214380825565912
15 0.9409675987572127 0.8748335552596538 0.9871282734132268 0.8748335552596538 0.9871282734132268 0.9653794940079894 0.9409675987572127 0.9653794940079894
37 0.5947625388371061 0.933422103861518 0.8308921438082556 0.933422103861518 0.8308921438082556 1.0 0.5947625388371061 1.0
139 0.09587217043941411 0.3022636484687084 0.18996893031513537 0.3022636484687084 0.18996893031513537 0.4167776298268975 0.09587217043941411 0.4167776298268975
139 0.030181979582778514 0.30758988015978694 0.085219707057257 0.30758988015978694 0.085219707057257 0.4021304926764314 0.030181979582778514 0.4021304926764314
139 0.05148690634709276 0.4434087882822903 0.10474922325787839 0.4434087882822903 0.10474922325787839 0.5206391478029294 0.05148690634709276 0.5206391478029294
139 0.0 0.521970705725699 0.05148690634709276 0.521970705725699 0.05148690634709276 0.6178428761651131 0.0 0.6178428761651131
63 0.05681313803817132 0.5233022636484687 0.12072791833111407 0.5233022636484687 0.12072791833111407 0.6218375499334221 0.05681313803817132 0.6218375499334221
63 0.1278295605858855 0.5246338215712384 0.18819351975144252 0.5246338215712384 0.18819351975144252 0.6218375499334221 0.1278295605858855 0.6218375499334221
