108 0.3399532710280374 0.10046728971962617 0.4845210280373832 0.10046728971962617 0.4845210280373832 0.2172897196261682 0.3399532710280374 0.2172897196261682
140 0.5405957943925234 0.038551401869158876 0.6597546728971962 0.038551401869158876 0.6597546728971962 0.14953271028037382 0.5405957943925234 0.14953271028037382
140 0.6772780373831776 0.0 0.7929322429906542 0.0 0.7929322429906542 0.11682242990654207 0.6772780373831776 0.11682242990654207
140 0.29789719626168226 0.3189252336448598 0.39865654205607487 0.3189252336448598 0.39865654205607487 0.4614485981308411 0.29789719626168226 0.4614485981308411
140 0.3933995327102804 0.29205607476635514 0.4687500000000001 0.29205607476635514 0.4687500000000001 0.4497663551401869 0.3933995327102804 0.4497663551401869
140 0.47488317757009346 0.2780373831775701 0.5800233644859814 0.2780373831775701 0.5800233644859814 0.45560747663551404 0.47488317757009346 0.45560747663551404
10 0.5686331775700935 0.2558411214953271 0.6790303738317758 0.2558411214953271 0.6790303738317758 0.433411214953271 0.5686331775700935 0.433411214953271
10 0.6799065420560748 0.2231308411214953 0.8043224299065421 0.2231308411214953 0.8043224299065421 0.441588785046729 0.6799065420560748 0.441588785046729
10 0.226927570093458 0.5268691588785047 0.2935163551401869 0.5268691588785047 0.2935163551401869 0.6693925233644858 0.226927570093458 0.6693925233644858
10 0.29789719626168226 0.522196261682243 0.3863901869158879 0.522196261682243 0.3863901869158879 0.7137850467289719 0.29789719626168226 0.7137850467289719
155 0.3960280373831776 0.5338785046728972 0.4775116822429906 0.5338785046728972 0.4775116822429906 0.7079439252336449 0.3960280373831776 0.7079439252336449
155 0.481892523364486 0.522196261682243 0.5519859813084113 0.522196261682243 0.5519859813084113 0.7091121495327103 0.481892523364486 0.7091121495327103
102 0.5581191588785047 0.5911214953271028 0.6299649532710281 0.5911214953271028 0.6299649532710281 0.7231308411214954 0.5581191588785047 0.7231308411214954
102 0.549357476635514 0.5011682242990654 0.6369742990654206 0.5011682242990654 0.6369742990654206 0.5911214953271028 0.549357476635514 0.5911214953271028
102 0.682535046728972 0.5093457943925234 0.7613901869158879 0.5093457943925234 0.7613901869158879 0.6717289719626168 0.682535046728972 0.6717289719626168
102 0.7631425233644861 0.5105140186915887 0.8639018691588786 0.5105140186915887 0.8639018691588786 0.7406542056074766 0.7631425233644861 0.7406542056074766
47 0.7456191588785047 0.8738317757009346 0.8551645189802224 0.8738317757009346 0.8551645189802224 1.0 0.7456191588785047 1.0
47 0.6396028037383178 0.7990654205607477 0.7289719626168225 0.7990654205607477 0.7289719626168225 0.9228971962616822 0.6396028037383178 0.9228971962616822
10 0.4783878504672898 0.7663551401869158 0.6028037383177571 0.7663551401869158 0.6028037383177571 0.9532710280373831 0.4783878504672898 0.9532710280373831
79 0.40216121495327106 0.769859813084112 0.481892523364486 0.769859813084112 0.481892523364486 0.9415887850467289 0.40216121495327106 0.9415887850467289
140 0.2637266355140187 0.7710280373831776 0.347838785046729 0.7710280373831776 0.347838785046729 0.911214953271028 0.2637266355140187 0.911214953271028
46 0.11477803738317757 0.5408878504672897 0.1796144859813084 0.5408878504672897 0.1796144859813084 0.6787383177570093 0.11477803738317757 0.6787383177570093
46 0.06571261682242992 0.5373831775700935 0.11039719626168225 0.5373831775700935 0.11039719626168225 0.6939252336448597 0.06571261682242992 0.6939252336448597
46 0.01927570093457944 0.5432242990654206 0.07272196261682244 0.5432242990654206 0.07272196261682244 0.6810747663551403 0.01927570093457944 0.6810747663551403
11 0.11390186915887851 0.17406542056074767 0.18311915887850466 0.17406542056074767 0.18311915887850466 0.29906542056074764 0.11390186915887851 0.29906542056074764
149 0.25759345794392524 0.06658864343907853 0.3443341121495327 0.06658864343907853 0.3443341121495327 0.2313082696073028 0.25759345794392524 0.2313082696073028
40 0.2155373831775701 0.16004672897196262 0.2514602803738318 0.16004672897196262 0.2514602803738318 0.21144859813084116 0.2155373831775701 0.21144859813084116
40 0.2155373831775701 0.2207943925233645 0.2558411214953271 0.2207943925233645 0.2558411214953271 0.27686915887850466 0.2155373831775701 0.27686915887850466
91 0.016647196261682245 0.2803738317757009 0.06133177570093458 0.2803738317757009 0.06133177570093458 0.3714953271028037 0.016647196261682245 0.3714953271028037
98 0.2646028037383178 0.32009345794392524 0.2996495327102804 0.32009345794392524 0.2996495327102804 0.42172897196261677 0.2646028037383178 0.42172897196261677
74 0.10149700598802396 0.42514970059880247 0.14910179640718563 0.42514970059880247 0.14910179640718563 0.4826347305389222 0.10149700598802396 0.4826347305389222
11 0.03241822429906542 0.4205607476635514 0.07272196261682243 0.4205607476635514 0.07272196261682243 0.5 0.03241822429906542 0.5
