61 0.10006859540814267 0.15252390751724978 0.2792236613807852 0.15252390751724978 0.2792236613807852 0.2651010773514103 0.10006859540814267 0.2651010773514103
61 0.28567969979421376 0.14162934269458907 0.44062462171649924 0.14162934269458907 0.44062462171649924 0.25783803413630324 0.28567969979421376 0.25783803413630324
61 0.15494492192228543 0.05326231691078569 0.31311786305128514 0.05326231691078569 0.31311786305128514 0.10773514102408917 0.15494492192228543 0.10773514102408917
61 0.00968405762014284 0.15252390751724978 0.10006859540814267 0.15252390751724978 0.10006859540814267 0.2614695557438567 0.00968405762014284 0.2614695557438567
61 0.13880482588871398 0.10894564822660699 0.29213573820764227 0.10894564822660699 0.29213573820764227 0.15131340031473192 0.13880482588871398 0.15131340031473192
61 0.3195739014647137 0.09441956179639273 0.45676471775007055 0.09441956179639273 0.45676471775007055 0.14768187870717836 0.3195739014647137 0.14768187870717836
9 0.012912076826857117 0.3946253480208208 0.05810434572085703 0.3946253480208208 0.05810434572085703 0.4914659242222491 0.012912076826857117 0.4914659242222491
9 0.06294637453092845 0.3946253480208208 0.11943671064842834 0.3946253480208208 0.11943671064842834 0.4878344026146956 0.06294637453092845 0.4878344026146956
114 0.12266472985514264 0.3861517976031957 0.16462897954242822 0.3861517976031957 0.16462897954242822 0.4938869386272849 0.12266472985514264 0.4938869386272849
114 0.1678569987491426 0.3825202759956422 0.1985231812129282 0.3825202759956422 0.1985231812129282 0.49509744582980275 0.1678569987491426 0.49509744582980275
28 0.23725941169349954 0.3837307831981601 0.30827583424121374 0.3837307831981601 0.30827583424121374 0.49509744582980275 0.23725941169349954 0.49509744582980275
133 0.3066618246378566 0.3825202759956422 0.3550821127385709 0.3825202759956422 0.3550821127385709 0.4926764314247671 0.3066618246378566 0.4926764314247671
133 0.3566961223419279 0.37525723278053513 0.416414477666142 0.37525723278053513 0.416414477666142 0.4914659242222491 0.3566961223419279 0.4914659242222491
133 0.42448452568292777 0.37646773998305294 0.4680627849735705 0.37646773998305294 0.4680627849735705 0.4878344026146956 0.42448452568292777 0.4878344026146956
146 0.46806278497357057 0.38130976879312434 0.5132550538675704 0.38130976879312434 0.5132550538675704 0.4720978089819635 0.46806278497357057 0.4720978089819635
39 0.5180970826776419 0.3861517976031957 0.564903361174999 0.3861517976031957 0.564903361174999 0.4926764314247669 0.5180970826776419 0.4926764314247669
28 0.5503772747447846 0.29657426461687453 0.6020255820522131 0.29657426461687453 0.6020255820522131 0.38857281200823157 0.5503772747447846 0.38857281200823157
28 0.6084816204656417 0.29294274300932094 0.6536738893596418 0.29294274300932094 0.6536738893596418 0.3885728120082315 0.6084816204656417 0.3885728120082315
28 0.6020255820522131 0.3861517976031957 0.6504458701529274 0.3861517976031957 0.6504458701529274 0.484202881007142 0.6020255820522131 0.484202881007142
28 0.5681313803817133 0.3946253480208208 0.5987975628454989 0.3946253480208208 0.5987975628454989 0.4890449098172135 0.5681313803817133 0.4890449098172135
133 0.6633579469797846 0.2893112214017674 0.6956381390469272 0.2893112214017674 0.6956381390469272 0.3825202759956422 0.6633579469797846 0.3825202759956422
133 0.7053221966670701 0.2893112214017674 0.7343743695274986 0.2893112214017674 0.7343743695274986 0.3897833192107494 0.7053221966670701 0.3897833192107494
133 0.692410119840213 0.3837307831981601 0.7359883791308557 0.3837307831981601 0.7359883791308557 0.48541338820965985 0.692410119840213 0.48541338820965985
133 0.656901908566356 0.3849412904006779 0.6891821006334989 0.3849412904006779 0.6891821006334989 0.4878344026146956 0.656901908566356 0.4878344026146956
28 0.7376023887342129 0.32804745188233875 0.7650405519912843 0.32804745188233875 0.7650405519912843 0.39704636242585645 0.7376023887342129 0.39704636242585645
28 0.7392163983375701 0.40673042004599935 0.771496590404713 0.40673042004599935 0.771496590404713 0.4866238954121778 0.7392163983375701 0.4866238954121778
28 0.7682685711979985 0.40188839123592784 0.8134608400919986 0.40188839123592784 0.8134608400919986 0.4987289674373562 0.7682685711979985 0.4987289674373562
28 0.7666545615946415 0.3268369446798209 0.8005487632651412 0.3268369446798209 0.8005487632651412 0.3934148408183029 0.7666545615946415 0.3934148408183029
133 0.8231448977121414 0.3135213654521245 0.8634951377960699 0.3135213654521245 0.8634951377960699 0.3946253480208208 0.8231448977121414 0.3946253480208208
133 0.8150748496953555 0.3994673768308921 0.8489690513658557 0.3994673768308921 0.8489690513658557 0.4950974458298026 0.8150748496953555 0.4950974458298026
133 0.8554250897792842 0.4030988984384457 0.8925473106564983 0.4030988984384457 0.8925473106564983 0.4890449098172135 0.8554250897792842 0.4890449098172135
75 0.05164830730742847 0.5822539644110883 0.13234878747528547 0.5822539644110883 0.13234878747528547 0.6306742525118025 0.05164830730742847 0.6306742525118025
75 0.04680627849735706 0.6294637453092846 0.10491062421821408 0.6294637453092846 0.10491062421821408 0.6790945406125167 0.04680627849735706 0.6790945406125167
75 0.01936811524028568 0.6754630190049631 0.12105072025178547 0.6754630190049631 0.12105072025178547 0.7299358431182668 0.01936811524028568 0.7299358431182668
75 0.00484202881007142 0.5798329500060526 0.045192268893999916 0.5798329500060526 0.045192268893999916 0.6294637453092846 0.00484202881007142 0.6294637453092846
75 0.0016140096033571397 0.6318847597143203 0.043578259290642775 0.6318847597143203 0.043578259290642775 0.6694104829923738 0.0016140096033571397 0.6694104829923738
75 0.1856111043860711 0.584674978816124 0.2711536133639995 0.584674978816124 0.2711536133639995 0.6427793245369811 0.1856111043860711 0.6427793245369811
75 0.2921357382076423 0.5725699067909454 0.37606423758221363 0.5725699067909454 0.37606423758221363 0.6270427309042489 0.2921357382076423 0.6270427309042489
75 0.10652463382157124 0.6379372957269096 0.19529516200621397 0.6379372957269096 0.19529516200621397 0.6803050478150345 0.10652463382157124 0.6803050478150345
75 0.1969091716095711 0.6512528749546062 0.26146955574385666 0.6512528749546062 0.26146955574385666 0.6839365694225882 0.1969091716095711 0.6839365694225882
75 0.2727676229673566 0.6294637453092846 0.35346810313521365 0.6294637453092846 0.35346810313521365 0.6803050478150345 0.2727676229673566 0.6803050478150345
75 0.26146955574385666 0.6875680910301416 0.34701206472178503 0.6875680910301416 0.34701206472178503 0.7311463503207843 0.26146955574385666 0.7311463503207843
75 0.19206714279949963 0.6851470766251059 0.2727676229673566 0.6851470766251059 0.2727676229673566 0.7323568575233023 0.19206714279949963 0.7323568575233023
75 0.12750675866521405 0.6851470766251059 0.18722511398942823 0.6851470766251059 0.18722511398942823 0.7214622927006417 0.12750675866521405 0.7214622927006417
75 0.022596134446999958 0.7686720735988379 0.12427873945849978 0.7686720735988379 0.12427873945849978 0.8606706209901948 0.022596134446999958 0.8606706209901948
75 0.03066618246378566 0.8643021425977487 0.12105072025178548 0.8643021425977487 0.12105072025178548 0.9308800387362307 0.03066618246378566 0.9308800387362307
75 0.13073477787192833 0.7650405519912844 0.22918936367671391 0.7650405519912844 0.22918936367671391 0.8304079409272486 0.13073477787192833 0.8304079409272486
75 0.12750675866521405 0.8400919985473914 0.20175120041964248 0.8400919985473914 0.20175120041964248 0.8957753298632127 0.12750675866521405 0.8957753298632127
75 0.1291207682685712 0.8981963442682485 0.20659322922971393 0.8981963442682485 0.20659322922971393 0.9260380099261593 0.1291207682685712 0.9260380099261593
75 0.22434733486664246 0.7541459871686241 0.2969777670177137 0.7541459871686241 0.2969777670177137 0.8267764193196955 0.22434733486664246 0.8267764193196955
75 0.20336521002299965 0.8352499697373199 0.28890771900092804 0.8352499697373199 0.28890771900092804 0.8860912722430699 0.20336521002299965 0.8860912722430699
75 0.21304926764314247 0.8897227938506236 0.2985917766210709 0.8897227938506236 0.2985917766210709 0.9248275027236413 0.21304926764314247 0.9248275027236413
75 0.2969777670177138 0.8715651858128556 0.3889763144090707 0.8715651858128556 0.3889763144090707 0.9320905459387483 0.2969777670177138 0.9320905459387483
75 0.2905217286042852 0.7989347536617842 0.38252027599564214 0.7989347536617842 0.38252027599564214 0.8727756930153735 0.2905217286042852 0.8727756930153735
71 0.44223863131985636 0.7735141024089093 0.5180970826776419 0.7735141024089093 0.5180970826776419 0.8461445345599807 0.44223863131985636 0.8461445345599807
71 0.5245531210910704 0.7783561312189807 0.589113505225356 0.7783561312189807 0.589113505225356 0.8509865633700521 0.5245531210910704 0.8509865633700521
71 0.4341685833030706 0.8437235201549449 0.5148690634709276 0.8437235201549449 0.5148690634709276 0.8933543154581768 0.4341685833030706 0.8933543154581768
71 0.5213251018843562 0.8509865633700521 0.5874994956219989 0.8509865633700521 0.5874994956219989 0.8994068514707662 0.5213251018843562 0.8994068514707662
71 0.5180970826776419 0.8994068514707664 0.5874994956219989 0.8994068514707664 0.5874994956219989 0.9417746035588914 0.5180970826776419 0.9417746035588914
71 0.4438526409232135 0.8945648226606948 0.5148690634709276 0.8945648226606948 0.5148690634709276 0.9381430819513377 0.4438526409232135 0.9381430819513377
72 0.5891135052253561 0.8219343905096238 0.6585159181697132 0.8219343905096238 0.6585159181697132 0.9490376467739985 0.5891135052253561 0.9490376467739985
72 0.6665859661864988 0.8195133761045877 0.7408304079409272 0.8195133761045877 0.7408304079409272 0.9526691683815519 0.6665859661864988 0.9526691683815519
72 0.8053907920752128 0.7965137392567486 0.8909333010531412 0.7965137392567486 0.8909333010531412 0.9284590243311948 0.8053907920752128 0.9284590243311948
72 0.7376023887342129 0.7928822176491951 0.8037767824718557 0.7928822176491951 0.8037767824718557 0.9260380099261593 0.7376023887342129 0.9260380099261593
35 0.7214622927006417 0.5217286042851955 0.81830286890207 0.5217286042851955 0.81830286890207 0.6040430940564097 0.7214622927006417 0.6040430940564097
35 0.7279183311140701 0.6125166444740346 0.8231448977121414 0.6125166444740346 0.8231448977121414 0.6536738893596417 0.7279183311140701 0.6536738893596417
35 0.7392163983375701 0.6573054109671953 0.8150748496953555 0.6573054109671953 0.8150748496953555 0.693620627042731 0.7392163983375701 0.693620627042731
35 0.7376023887342129 0.6911996126376952 0.8408990033490699 0.6911996126376952 0.8408990033490699 0.7323568575233023 0.7376023887342129 0.7323568575233023
35 0.6439898317394988 0.6028325868538918 0.7263043215107129 0.6028325868538918 0.7263043215107129 0.6524633821571239 0.6439898317394988 0.6524633821571239
35 0.6520598797562847 0.6548843965621596 0.7295323407174272 0.6548843965621596 0.7295323407174272 0.7299358431182666 0.6520598797562847 0.7299358431182666
35 0.8328289553322841 0.5810434572085704 0.9151434451034981 0.5810434572085704 0.9151434451034981 0.7033046846628739 0.8328289553322841 0.7033046846628739
26 0.5003429770407134 0.5471492555380706 0.5729734091917847 0.5471492555380706 0.5729734091917847 0.5955695436387848 0.5003429770407134 0.5955695436387848
26 0.5713593995884275 0.533833676310374 0.6472178509462132 0.533833676310374 0.6472178509462132 0.5883065004236776 0.5713593995884275 0.5883065004236776
26 0.5003429770407134 0.6052536012589275 0.5681313803817133 0.6052536012589275 0.5681313803817133 0.6403583101319453 0.5003429770407134 0.6403583101319453
26 0.5745874187951421 0.5883065004236775 0.6343057741193564 0.5883065004236775 0.6343057741193564 0.6318847597143202 0.5745874187951421 0.6318847597143202
26 0.506799015454142 0.6439898317394989 0.5632893515716418 0.6439898317394989 0.5632893515716418 0.6754630190049631 0.506799015454142 0.6754630190049631
26 0.5810434572085703 0.6452003389420168 0.6439898317394986 0.6452003389420168 0.6439898317394986 0.6899891054351774 0.5810434572085703 0.6899891054351774
26 0.5003429770407134 0.6875680910301416 0.5616753419682846 0.6875680910301416 0.5616753419682846 0.7335673647258201 0.5003429770407134 0.7335673647258201
26 0.5778154380018561 0.6899891054351773 0.6488318605495702 0.6899891054351773 0.6488318605495702 0.7311463503207843 0.5778154380018561 0.7311463503207843
69 0.3599241415486422 0.6367267885243917 0.42609853528628494 0.6367267885243917 0.42609853528628494 0.6815155550175525 0.3599241415486422 0.6815155550175525
69 0.347012064721785 0.6827260622200704 0.416414477666142 0.6827260622200704 0.416414477666142 0.7250938143081955 0.347012064721785 0.7250938143081955
69 0.4357825929064278 0.6391478029294274 0.4938869386272849 0.6391478029294274 0.4938869386272849 0.6718314973974094 0.4357825929064278 0.6718314973974094
69 0.42448452568292777 0.6827260622200703 0.5051850058507849 0.6827260622200703 0.5051850058507849 0.7287253359157486 0.42448452568292777 0.7287253359157486
