19 0.5311526479750779 0.15537383177570094 0.6105919003115264 0.15537383177570094 0.6105919003115264 0.3341121495327103 0.5311526479750779 0.3341121495327103
19 0.4797507788161994 0.21612149532710279 0.5373831775700935 0.21612149532710279 0.5373831775700935 0.32359813084112143 0.4797507788161994 0.32359813084112143
3 0.7087227414330218 0.17406542056074767 0.7616822429906542 0.17406542056074767 0.7616822429906542 0.3329439252336449 0.7087227414330218 0.3329439252336449
3 0.7632398753894081 0.1623831775700935 0.8193146417445482 0.1623831775700935 0.8193146417445482 0.33060747663551404 0.7632398753894081 0.33060747663551404
3 0.8286604361370716 0.17873831775700935 0.8504672897196262 0.17873831775700935 0.8504672897196262 0.32359813084112143 0.8286604361370716 0.32359813084112143
3 0.8520249221183801 0.17990654205607476 0.9049844236760126 0.17990654205607476 0.9049844236760126 0.3282710280373832 0.8520249221183801 0.3282710280373832
7 0.9392523364485982 0.1810747663551402 0.9968847352024922 0.1810747663551402 0.9968847352024922 0.3189252336448598 0.9392523364485982 0.3189252336448598
3 0.9018691588785047 0.16939252336448601 0.9439252336448599 0.16939252336448601 0.9439252336448599 0.3130841121495327 0.9018691588785047 0.3130841121495327
103 0.17672781922244418 0.3924358540651851 0.2145352631357034 0.3924358540651851 0.2145352631357034 0.47156771341851833 0.17672781922244418 0.47156771341851833
103 0.21805223466251822 0.39177642190390727 0.2417917924685182 0.39177642190390727 0.2417917924685182 0.47288657774107384 0.21805223466251822 0.47288657774107384
103 0.24355027823192557 0.39573301487157386 0.2708068075647404 0.39573301487157386 0.2708068075647404 0.4775026028700182 0.24355027823192557 0.4775026028700182
103 0.27168605044644406 0.3970518791941295 0.31301046588651815 0.3970518791941295 0.31301046588651815 0.47816203503129606 0.27168605044644406 0.47816203503129606
103 0.3147689516499255 0.37067459274301845 0.3411462381010366 0.37067459274301845 0.3411462381010366 0.48409692448279606 0.3147689516499255 0.48409692448279606
107 0.10287141715933319 0.3845226681298517 0.1362826466640739 0.3845226681298517 0.1362826466640739 0.46035736667679605 0.10287141715933319 0.46035736667679605
106 0.08440731664355543 0.39375471838774057 0.1037506600410369 0.39375471838774057 0.1037506600410369 0.4610167988380738 0.08440731664355543 0.4610167988380738
31 0.010550914580444428 0.3891386932587962 0.0677017018911851 0.3891386932587962 0.0677017018911851 0.457719638031685 0.010550914580444428 0.457719638031685
31 0.27871999350007365 0.5249817184820182 0.3156481945316292 0.5249817184820182 0.3156481945316292 0.6041135778353515 0.27871999350007365 0.6041135778353515
31 0.319165166058444 0.5210251255143515 0.34905942403636986 0.5210251255143515 0.34905942403636986 0.6021352813515181 0.319165166058444 0.6021352813515181
31 0.35081790979977723 0.5302571757722404 0.38071216777770317 0.5302571757722404 0.38071216777770317 0.6192805175447402 0.35081790979977723 0.6192805175447402
31 0.38071216777770317 0.5210251255143515 0.4176403688092587 0.5210251255143515 0.4176403688092587 0.6186210853834625 0.38071216777770317 0.6186210853834625
31 0.4229158260994809 0.5269600149658515 0.4598440271310364 0.5269600149658515 0.4598440271310364 0.6252154069962403 0.4229158260994809 0.6252154069962403
31 0.47215342747488825 0.5269600149658515 0.49765147104429563 0.5269600149658515 0.49765147104429563 0.6153239245770735 0.47215342747488825 0.6153239245770735
31 0.5002891996894067 0.5263005828045737 0.5266664861405178 0.5263005828045737 0.5266664861405178 0.6278531356413514 0.5002891996894067 0.6278531356413514
31 0.5328211863124437 0.5302571757722404 0.5688701444622956 0.5302571757722404 0.5688701444622956 0.6463172361571291 0.5328211863124437 0.6463172361571291
31 0.6181077458377028 0.5375109295462959 0.6585529183960731 0.5375109295462959 0.6585529183960731 0.6482955326409624 0.6181077458377028 0.6482955326409624
31 0.6647076185679991 0.543445818997796 0.7007565767178509 0.543445818997796 0.7007565767178509 0.6476361004796847 0.6647076185679991 0.6476361004796847
31 0.7130659770617026 0.5454241154816293 0.744718720803036 0.5454241154816293 0.744718720803036 0.6482955326409623 0.7130659770617026 0.6482955326409623
31 0.7552696353834806 0.5454241154816293 0.7895601077699249 0.5454241154816293 0.7895601077699249 0.6502738291247958 0.7552696353834806 0.6502738291247958
31 0.8018695081137767 0.5401486581914071 0.8379184662636284 0.5401486581914071 0.8379184662636284 0.6496143969635181 0.8018695081137767 0.6496143969635181
107 0.18112403363096266 0.5098147787726294 0.21365602025399968 0.5098147787726294 0.21365602025399968 0.599497552706407 0.18112403363096266 0.599497552706407
107 0.2532219499306662 0.507836482288796 0.2848746936719995 0.507836482288796 0.2848746936719995 0.5869683416421292 0.2532219499306662 0.5869683416421292
31 0.15035053277133312 0.5315760400947959 0.18112403363096272 0.5315760400947959 0.18112403363096272 0.5909249346097959 0.15035053277133312 0.5909249346097959
9 0.12485248920192576 0.5032204571598515 0.15122977565303683 0.5032204571598515 0.15122977565303683 0.5849900451582959 0.12485248920192576 0.5849900451582959
103 0.15650523294325905 0.5005827285147405 0.18112403363096272 0.5005827285147405 0.18112403363096272 0.523003421998185 0.15650523294325905 0.523003421998185
76 -5.551115123125781e-19 0.4893723817730183 0.07913185935333321 0.4893723817730183 0.07913185935333321 0.5309166079335181 -5.551115123125781e-19 0.5309166079335181
76 0.013188643225555538 0.5342137687399071 0.07913185935333322 0.5342137687399071 0.07913185935333322 0.5830117486744626 0.013188643225555538 0.5830117486744626
120 0.8405561949087396 0.5836711808357403 0.8977069822194803 0.5836711808357403 0.8977069822194803 0.691158623124018 0.8405561949087396 0.691158623124018
120 0.9127420354966135 0.6017397451528451 0.978685251624391 0.6017397451528451 0.978685251624391 0.7145026447313448 0.9127420354966135 0.7145026447313448
51 0.7702167643724435 0.37397175354940726 0.8308845232099987 0.37397175354940726 0.8308845232099987 0.5104742109339071 0.7702167643724435 0.5104742109339071
51 0.9293597259608135 0.3792472108396294 0.9829935417447393 0.3792472108396294 0.9829935417447393 0.5164091003854071 0.9293597259608135 0.5164091003854071
51 0.8581410525428136 0.3792472108396294 0.9144125969718506 0.3792472108396294 0.9144125969718506 0.5065176179662405 0.8581410525428136 0.5065176179662405
98 0.4229158260994809 0.39243585406518505 0.4897382851089622 0.39243585406518505 0.4897382851089622 0.4867346531279071 0.4229158260994809 0.4867346531279071
98 0.38071216777770317 0.3851821002911295 0.4202780974543698 0.3851821002911295 0.4202780974543698 0.4814591958376849 0.38071216777770317 0.4814591958376849
149 0.34202548098274027 0.39375471838774057 0.37895368201429575 0.39375471838774057 0.37895368201429575 0.48409692448279606 0.34202548098274027 0.48409692448279606
131 0.1723316048139257 0.6353339828398585 0.20574283431866638 0.6353339828398585 0.20574283431866638 0.7039149276127472 0.1723316048139257 0.7039149276127472
131 0.15386750429814794 0.6366528791359448 0.16969387616881457 0.6366528791359448 0.16969387616881457 0.6933640450058336 0.15386750429814794 0.6933640450058336
131 0.26025589298429597 0.6392906077810561 0.29718409401585144 0.6392906077810561 0.29718409401585144 0.7039149595862779 0.26025589298429597 0.7039149595862779
131 0.33938775233762913 0.6650084620708893 0.384229139304518 0.6650084620708893 0.384229139304518 0.7375459998114446 0.33938775233762913 0.7375459998114446
131 0.3886253537130366 0.6577547082968338 0.4220365832177772 0.6577547082968338 0.4220365832177772 0.7421620249403892 0.3886253537130366 0.7421620249403892
131 0.42643279762629566 0.668965055038556 0.46336099865785124 0.668965055038556 0.46336099865785124 0.7612855576174447 0.42643279762629566 0.7612855576174447
131 1.0145583611979028 0.5347688910524308 1.0291167223958055 0.5347688910524308 1.0291167223958055 0.6725902127594863 1.0145583611979028 0.6725902127594863
131 0.5377449464499847 0.6812947172883529 0.5764316332449476 0.6812947172883529 0.5764316332449476 0.7755935163510751 0.5377449464499847 0.7755935163510751
131 0.5986764781520512 0.6958022248364639 0.634461663437392 0.6958022248364639 0.634461663437392 0.7988055284280525 0.5986764781520512 0.7988055284280525
131 0.6460676694758809 0.7037813539879251 0.6934588607997104 0.7037813539879251 0.6934588607997104 0.8060592822021081 0.6460676694758809 0.8060592822021081
39 0.8182234257134658 0.7306202429519305 0.884957960434777 0.7306202429519305 0.884957960434777 0.7871995223895639 0.8182234257134658 0.7871995223895639
39 0.8878594619443992 0.7393247474807972 0.9468566593067175 0.7393247474807972 0.9468566593067175 0.7959040269184307 0.8878594619443992 0.7959040269184307
39 0.9497581608163398 0.7378739967259861 0.9971493521401694 0.7378739967259861 0.9971493521401694 0.8038831560698915 0.9497581608163398 0.8038831560698915
39 0.8056502525051029 0.7864741470121583 0.8810892917552807 0.7864741470121583 0.8810892917552807 0.8387011741853583 0.8056502525051029 0.8387011741853583
39 0.8868922947745249 0.7973547776732416 0.9381521547778507 0.7973547776732416 0.9381521547778507 0.847405678714225 0.8868922947745249 0.847405678714225
39 0.9410536562874731 0.8038831560698916 0.9961821849702952 0.8038831560698916 0.9961821849702952 0.8495818048464415 0.9410536562874731 0.8495818048464415
158 0.5590226241872143 0.8433189184804003 0.6509035053252512 0.8433189184804003 0.6509035053252512 0.904250450182467 0.5590226241872143 0.904250450182467
158 0.5232374389018736 0.8933698195213835 0.6122168185302884 0.8933698195213835 0.6122168185302884 0.9615551049975057 0.5232374389018736 0.9615551049975057
158 0.6180198215495327 0.9136803300887391 0.7040976996683254 0.9136803300887391 0.7040976996683254 0.9869432432067 0.6180198215495327 0.9869432432067
158 0.4536014026709403 0.8462204199900224 0.5348434449403624 0.8462204199900224 0.5348434449403624 0.9180325823531725 0.4536014026709403 0.9180325823531725
158 0.33947567662579964 0.7852888882879558 0.45166706833119213 0.7852888882879558 0.45166706833119213 0.8629040536703502 0.33947567662579964 0.8629040536703502
158 0.3298040049270589 0.8571010506511059 0.44683123248182177 0.8571010506511059 0.44683123248182177 0.9093280778243059 0.3298040049270589 0.9093280778243059
26 0.25243063133713306 0.8222830325356391 0.317230831718696 0.8222830325356391 0.317230831718696 0.8716085581992168 0.25243063133713306 0.8716085581992168
26 0.2959531539814664 0.7780351345139003 0.3414100109655478 0.7780351345139003 0.3414100109655478 0.8360651647063447 0.2959531539814664 0.8360651647063447
26 0.23308728793965158 0.7526469963047058 0.2862814822827256 0.7526469963047058 0.2862814822827256 0.7983456450812558 0.23308728793965158 0.7983456450812558
26 0.1905319324651924 0.8034232727230948 0.24662762831788865 0.8034232727230948 0.24662762831788865 0.8549249245188891 0.1905319324651924 0.8549249245188891
26 0.14991091133048132 0.7903665159297948 0.2021379385036813 0.7903665159297948 0.2021379385036813 0.8382412908385614 0.14991091133048132 0.8382412908385614
26 0.16151691736897023 0.7453932425306502 0.22244844907103686 0.7453932425306502 0.22244844907103686 0.7954441435716336 0.16151691736897023 0.7954441435716336
26 0.08897937962841469 0.7707813807398448 0.1431407411413628 0.7707813807398448 0.1431407411413628 0.8324382878193171 0.08897937962841469 0.8324382878193171
110 0.8133875898640954 0.8788623119732724 0.8695101449124883 0.8788623119732724 0.8695101449124883 1.0 0.8133875898640954 1.0
110 0.8781877902456583 0.8940951948987891 0.9874776804414287 0.8940951948987891 0.9874776804414287 0.9978238738677835 0.8781877902456583 0.9978238738677835
154 0.2872486494525997 0.9252863361272279 0.3472130139847922 0.9252863361272279 0.3472130139847922 0.9963731231129722 0.2872486494525997 0.9963731231129722
144 0.007737337358992585 0.8512980476318613 0.19149909963506648 0.8512980476318613 0.19149909963506648 0.9688088587715612 0.007737337358992585 0.9688088587715612
58 0.040201084477474884 0.6372889876654995 0.11266229847391108 0.6372889876654995 0.11266229847391108 0.6853069496802611 0.040201084477474884 0.6853069496802611
58 0.005955716218885167 0.6253775552277291 0.046653110381267154 0.6253775552277291 0.046653110381267154 0.6756289108245728 0.005955716218885167 0.6756289108245728
131 0.46622178743706383 0.6724610412688954 0.49819425586265303 0.6724610412688954 0.49819425586265303 0.7551898033201073 0.46622178743706383 0.7551898033201073
45 0.6339563862928349 0.16355140186915887 0.7009345794392523 0.16355140186915887 0.7009345794392523 0.32242990654205606 0.6339563862928349 0.32242990654205606
45 0.661993769470405 0.3773364485981308 0.7196261682242989 0.3773364485981308 0.7196261682242989 0.5070093457943925 0.661993769470405 0.5070093457943925
66 0.5934579439252337 0.3831775700934579 0.6526479750778816 0.3831775700934579 0.6526479750778816 0.4906542056074766 0.5934579439252337 0.4906542056074766
66 0.5467289719626168 0.36565420560747663 0.5919003115264797 0.36565420560747663 0.5919003115264797 0.4789719626168225 0.5467289719626168 0.4789719626168225
66 0.4984423676012461 0.375 0.5467289719626168 0.375 0.5467289719626168 0.47546728971962615 0.4984423676012461 0.47546728971962615
