107 0.31631722880583407 0.35855363111516264 0.3673655423883318 0.35855363111516264 0.3673655423883318 0.601640838650866 0.31631722880583407 0.601640838650866
107 0.15223336371923427 0.4083865528591245 0.1850501367365542 0.4083865528591245 0.1850501367365542 0.6077180630384014 0.15223336371923427 0.6077180630384014
103 0.18505013673655424 0.4181099969614099 0.21877848678213313 0.4181099969614099 0.21877848678213313 0.5955636584624734 0.18505013673655424 0.5955636584624734
1 0.21969006381039197 0.3682771194165907 0.2652689152233364 0.3682771194165907 0.2652689152233364 0.5967790945001519 0.21969006381039197 0.5967790945001519
9 0.5250683682771194 0.36584624734123367 0.5578851412944393 0.36584624734123367 0.5578851412944393 0.5882710422364023 0.5250683682771194 0.5882710422364023
9 0.5624430264357339 0.3646308113035551 0.5888787602552416 0.3646308113035551 0.5888787602552416 0.5967790945001519 0.5624430264357339 0.5967790945001519
125 0.7556973564266181 0.38772409601944696 0.7903372835004557 0.38772409601944696 0.7903372835004557 0.5919173503494378 0.7556973564266181 0.5919173503494378
131 0.8085688240656335 0.45335764205408696 0.8404740200546946 0.45335764205408696 0.8404740200546946 0.599209966575509 0.8085688240656335 0.599209966575509
125 0.8468550592525068 0.430264357338195 0.8760255241567914 0.430264357338195 0.8760255241567914 0.5846247341233668 0.8468550592525068 0.5846247341233668
9 0.6034639927073838 0.4266180492251595 0.6226071103008204 0.4266180492251595 0.6226071103008204 0.5785475539349741 0.6034639927073838 0.5785475539349741
9 0.6253418413855971 0.4193254329990884 0.658158614402917 0.4193254329990884 0.658158614402917 0.5773321178972957 0.6253418413855971 0.5773321178972957
131 0.7028258887876025 0.39501671224551804 0.731996353691887 0.39501671224551804 0.731996353691887 0.5797629899726527 0.7028258887876025 0.5797629899726527
31 0.886052871467639 0.4266180492251595 0.9234275296262533 0.4266180492251595 0.9234275296262533 0.5907019143117594 0.886052871467639 0.5907019143117594
31 0.9389243391066543 0.390154968094804 0.9626253418413855 0.390154968094804 0.9626253418413855 0.5919173503494378 0.9389243391066543 0.5919173503494378
31 0.9635369188696444 0.3865086599817685 0.992707383773929 0.3865086599817685 0.992707383773929 0.5773321178972957 0.9635369188696444 0.5773321178972957
75 0.023163172288058344 0.736809480401094 0.1400820419325433 0.736809480401094 0.1400820419325433 0.8485809784260103 0.023163172288058344 0.8485809784260103
75 0.02978122151321787 0.8515223336371924 0.13456700091157706 0.8515223336371924 0.13456700091157706 1.0 0.02978122151321787 1.0
114 0.4740200546946218 0.3561227590398055 0.5177757520510483 0.3561227590398055 0.5177757520510483 0.5821938620480097 0.4740200546946218 0.5821938620480097
114 0.42114858705560626 0.35004557885141296 0.4576116681859618 0.35004557885141296 0.4576116681859618 0.5457307809176544 0.42114858705560626 0.5457307809176544
20 0.36939313984168864 0.38698328935795956 0.41600703605980643 0.38698328935795956 0.41600703605980643 0.5605394312518323 0.36939313984168864 0.5605394312518323
20 0.27792436235708 0.3834652594547054 0.316622691292876 0.3834652594547054 0.316622691292876 0.594547053649956 0.27792436235708 0.594547053649956
