139 0.5344626168224299 0.08644859813084112 0.615070093457944 0.08644859813084112 0.615070093457944 0.3002336448598131 0.5344626168224299 0.3002336448598131
139 0.8384929906542057 0.06775700934579439 0.9173481308411215 0.06775700934579439 0.9173481308411215 0.28154205607476634 0.8384929906542057 0.28154205607476634
139 0.7692757009345796 0.1413551401869159 0.8235981308411215 0.1413551401869159 0.8235981308411215 0.272196261682243 0.7692757009345796 0.272196261682243
139 0.7710280373831776 0.3843457943925233 0.8244742990654206 0.3843457943925233 0.8244742990654206 0.519859813084112 0.7710280373831776 0.519859813084112
139 0.7061915887850467 0.5268691588785047 0.7640186915887851 0.5268691588785047 0.7640186915887851 0.5829439252336449 0.7061915887850467 0.5829439252336449
139 0.6895443925233645 0.40887850467289716 0.7517523364485981 0.40887850467289716 0.7517523364485981 0.5245327102803737 0.6895443925233645 0.5245327102803737
139 0.6825350467289723 0.6004672897196254 0.7622663551401871 0.6004672897196254 0.7622663551401871 0.7231308411214945 0.6825350467289723 0.7231308411214945
4 0.5844042056074766 0.6016355140186912 0.6755257009345794 0.6016355140186912 0.6755257009345794 0.7254672897196256 0.5844042056074766 0.7254672897196256
139 0.6098130841121496 0.5198598130841121 0.6667640186915889 0.5198598130841121 0.6667640186915889 0.5782710280373832 0.6098130841121496 0.5782710280373832
139 0.6141939252336449 0.4077102803738317 0.6667640186915887 0.4077102803738317 0.6667640186915887 0.5175233644859814 0.6141939252336449 0.5175233644859814
65 0.25934579439252337 0.39602803738317754 0.3136682242990655 0.39602803738317754 0.3136682242990655 0.5408878504672897 0.25934579439252337 0.5408878504672897
65 0.2558411214953271 0.5572429906542056 0.2996495327102804 0.5572429906542056 0.2996495327102804 0.7044392523364486 0.2558411214953271 0.7044392523364486
65 0.3049065420560748 0.5537383177570093 0.3557242990654206 0.5537383177570093 0.3557242990654206 0.7056074766355142 0.3049065420560748 0.7056074766355142
139 0.43545560747663553 0.453270943072793 0.5108060747663552 0.453270943072793 0.5108060747663552 0.5630840271849424 0.43545560747663553 0.5630840271849424
63 0.7688219663418956 0.5290817832890463 0.8432240921169176 0.5290817832890463 0.8432240921169176 0.6436374372601122 0.7688219663418956 0.6436374372601122
63 0.8494242692648362 0.5361677000295246 0.9300265721877768 0.5361677000295246 0.9300265721877768 0.641275465013286 0.8494242692648362 0.641275465013286
63 0.023914968999114262 0.5373486861529377 0.06731620903454384 0.5373486861529377 0.06731620903454384 0.6672571597283733 0.023914968999114262 0.6672571597283733
63 0.07351638618246235 0.5090050191910245 0.12488928255093003 0.5090050191910245 0.12488928255093003 0.6708001180986124 0.07351638618246235 0.6708001180986124
63 0.17271922054915856 0.5160909359315028 0.20903454384410983 0.5160909359315028 0.20903454384410983 0.6708001180986124 0.17271922054915856 0.6708001180986124
137 0.21466121495327106 0.552570093457944 0.25058411214953275 0.552570093457944 0.25058411214953275 0.6997663551401869 0.21466121495327106 0.6997663551401869
44 0.3706191588785048 0.45911214953271023 0.42844626168224303 0.45911214953271023 0.42844626168224303 0.5759345794392523 0.3706191588785048 0.5759345794392523
44 0.3688668224299066 0.5876168224299065 0.4161799065420561 0.5876168224299065 0.4161799065420561 0.7091121495327103 0.3688668224299066 0.7091121495327103
44 0.4337032710280374 0.5852803738317757 0.48627336448598135 0.5852803738317757 0.48627336448598135 0.6927570093457943 0.4337032710280374 0.6927570093457943
138 0.49678738317757015 0.5677570093457944 0.5712616822429907 0.5677570093457944 0.5712616822429907 0.7242990654205608 0.49678738317757015 0.7242990654205608
4 0.629088785046729 0.08995327102803737 0.7613901869158879 0.08995327102803737 0.7613901869158879 0.14602803738317757 0.629088785046729 0.14602803738317757
4 0.6264602803738318 0.15537383177570094 0.7683995327102804 0.15537383177570094 0.7683995327102804 0.20560747663551396 0.6264602803738318 0.20560747663551396
4 0.6264602803738318 0.20443925233644858 0.7622663551401869 0.20443925233644858 0.7622663551401869 0.27920560747663553 0.6264602803738318 0.27920560747663553
83 0.09375 0.7908878504672897 0.15420560747663553 0.7908878504672897 0.15420560747663553 0.899532710280374 0.09375 0.899532710280374
83 0.07535046728971963 0.9042056074766355 0.14632009345794394 0.9042056074766355 0.14632009345794394 0.9964953271028038 0.07535046728971963 0.9964953271028038
30 0.3933995327102804 0.7792056074766355 0.4967873831775702 0.7792056074766355 0.4967873831775702 0.9988317757009347 0.3933995327102804 0.9988317757009347
85 0.509053738317757 0.883177570093458 0.6431318086998484 0.883177570093458 0.6431318086998484 1.0 0.509053738317757 1.0
86 0.7070677570093459 0.894859813084112 0.8963200934579441 0.894859813084112 0.8963200934579441 0.9918224299065419 0.7070677570093459 0.9918224299065419
