97 0.007292616226071103 0.0 0.08933454876937102 0.0 0.08933454876937102 0.20176238225463386 0.007292616226071103 0.20176238225463386
75 0.006381039197812214 0.5785475539349741 0.08933454876937101 0.5785475539349741 0.08933454876937101 0.6575508963840778 0.006381039197812214 0.6575508963840778
75 0.0 0.47523549073230015 0.07474931631722881 0.47523549073230015 0.07474931631722881 0.5554542692190824 0.0 0.5554542692190824
75 0.004557885141294439 0.38164691583105437 0.06289881494986327 0.38164691583105437 0.06289881494986327 0.4570039501671225 0.004557885141294439 0.4570039501671225
75 0.097538742023701 0.531145548465512 0.16226071103008205 0.531145548465512 0.16226071103008205 0.6441810999696143 0.097538742023701 0.6441810999696143
75 0.16317228805834094 0.5080522637496202 0.23974475843208748 0.5080522637496202 0.23974475843208748 0.6478274080826496 0.16317228805834094 0.6478274080826496
75 0.2415679124886053 0.5177757520510483 0.33637192342752964 0.5177757520510483 0.33637192342752964 0.6259495594044363 0.2415679124886053 0.6259495594044363
75 0.20601640838650867 0.42175630507444545 0.3062898814949863 0.42175630507444545 0.3062898814949863 0.49954421148587064 0.20601640838650867 0.49954421148587064
75 0.1340018231540565 0.3646308113035551 0.19781221513217867 0.3646308113035551 0.19781221513217867 0.48009723488301426 0.1340018231540565 0.48009723488301426
75 0.33272561531449407 0.4509267699787298 0.43026435733819507 0.4509267699787298 0.43026435733819507 0.5420844728046187 0.33272561531449407 0.5420844728046187
75 0.3372835004557885 0.5457307809176543 0.4293527803099361 0.5457307809176543 0.4293527803099361 0.6065025828015801 0.3372835004557885 0.6065025828015801
75 0.3062898814949863 0.35855363111516264 0.3947128532360985 0.35855363111516264 0.3947128532360985 0.43634153752658766 0.3062898814949863 0.43634153752658766
75 0.3053783044667274 0.28684290489213005 0.3947128532360985 0.28684290489213005 0.3947128532360985 0.34761470677605594 0.3053783044667274 0.34761470677605594
75 0.4047402005469462 0.28927370330224933 0.45123062898814953 0.28927370330224933 0.45123062898814953 0.34761463311081814 0.4047402005469462 0.34761463311081814
75 0.46034639927073845 0.2965663931935582 0.5259799453053783 0.2965663931935582 0.5259799453053783 0.3573381950774841 0.46034639927073845 0.3573381950774841
75 0.3928896991795807 0.3500455346522703 0.4457611668185962 0.3500455346522703 0.4457611668185962 0.41689451672458877 0.3928896991795807 0.41689451672458877
75 0.4521422060164085 0.3561227590398055 0.5150410209662718 0.3561227590398055 0.5150410209662718 0.4120328167730173 0.4521422060164085 0.4120328167730173
75 0.4275296262534184 0.43269522941355215 0.471285323609845 0.43269522941355215 0.471285323609845 0.49832877544819204 0.4275296262534184 0.49832877544819204
75 0.4721969006381038 0.4193254329990884 0.5432999088422971 0.4193254329990884 0.5432999088422971 0.4946824673351564 0.4721969006381038 0.4946824673351564
75 0.4339106654512307 0.5092676997872987 0.5077484047402006 0.5092676997872987 0.5077484047402006 0.5870556061987239 0.4339106654512307 0.5870556061987239
75 0.5086599817684594 0.4946824673351565 0.5797629899726526 0.4946824673351565 0.5797629899726526 0.5785475539349741 0.5086599817684594 0.5785475539349741
75 0.5925250683682771 0.34396839866302037 0.6773017319963537 0.34396839866302037 0.6773017319963537 0.4290489213005166 0.5925250683682771 0.4290489213005166
75 0.5843208751139471 0.4266180492251595 0.6618049225159526 0.4266180492251595 0.6618049225159526 0.49103615922212096 0.5843208751139471 0.49103615922212096
75 0.5879671832269827 0.4946824673351565 0.6645396536007293 0.4946824673351565 0.6645396536007293 0.5651777575205105 0.5879671832269827 0.5651777575205105
75 0.6654512306289881 0.4241871034845646 0.7210574293527803 0.4241871034845646 0.7210574293527803 0.4776662891424194 0.6654512306289881 0.4776662891424194
75 0.6727438468550592 0.48982072318444236 0.7411121239744757 0.48982072318444236 0.7411121239744757 0.5530233971437253 0.6727438468550592 0.5530233971437253
75 0.7265268915223336 0.41203281677301734 0.7976298997265269 0.41203281677301734 0.7976298997265269 0.49103615922212096 0.7265268915223336 0.49103615922212096
75 0.7493163172288058 0.4971133394105135 0.7939835916134913 0.4971133394105135 0.7939835916134913 0.536007292616226 0.7493163172288058 0.536007292616226
75 0.8030993618960803 0.425402613187481 0.8505013673655425 0.425402613187481 0.8505013673655425 0.536007292616226 0.8030993618960803 0.536007292616226
75 0.7547857793983591 0.35004557885141296 0.8277119416590702 0.35004557885141296 0.8277119416590702 0.41203281677301734 0.7547857793983591 0.41203281677301734
75 0.8869644484958978 0.35126101488909145 0.9644484958979034 0.35126101488909145 0.9644484958979034 0.42175630507444545 0.8869644484958978 0.42175630507444545
75 0.8550592525068368 0.41567906595386267 0.9124886052871467 0.41567906595386267 0.9124886052871467 0.4861743561392166 0.8550592525068368 0.4861743561392166
75 0.9161349134001823 0.4266180492251595 0.9617137648131268 0.4266180492251595 0.9617137648131268 0.48009723488301426 0.9161349134001823 0.48009723488301426
75 0.8559708295350956 0.49346703129747804 0.9070191431175936 0.49346703129747804 0.9070191431175936 0.5420844728046187 0.8559708295350956 0.5420844728046187
9 0.2324521422060164 0.0036463081130355514 0.2762078395624431 0.0036463081130355514 0.2762078395624431 0.17016104527499243 0.2324521422060164 0.17016104527499243
9 0.27438468550592526 0.0036463081130355514 0.3108477666362808 0.0036463081130355514 0.3108477666362808 0.16773017319963535 0.27438468550592526 0.16773017319963535
9 0.31449407474931634 0.0 0.3463992707383774 0.0 0.3463992707383774 0.1701610452749924 0.31449407474931634 0.1701610452749924
9 0.34913400182315407 0.006077180188392586 0.38195077484047407 0.006077180188392586 0.38195077484047407 0.17137648131267094 0.34913400182315407 0.17137648131267094
131 0.4840474020054694 0.01336979641446369 0.5305378304466728 0.01336979641446369 0.5305378304466728 0.20419325432999086 0.4840474020054694 0.20419325432999086
131 0.5341841385597083 0.01701610452749924 0.5706472196900638 0.01701610452749924 0.5706472196900638 0.2236402309328471 0.5341841385597083 0.2236402309328471
31 0.3837739288969918 0.0 0.4402917046490429 0.0 0.4402917046490429 0.23944089942266789 0.3837739288969918 0.23944089942266789
31 0.740200546946217 0.0850805226374962 0.7757520510483136 0.0850805226374962 0.7757520510483136 0.25888787602552416 0.740200546946217 0.25888787602552416
31 0.6700091157702827 0.07414159829838955 0.7247037374658158 0.07414159829838955 0.7247037374658158 0.246733515648739 0.6700091157702827 0.246733515648739
35 0.13673655423883319 0.9334548769371012 0.22515952597994532 0.9334548769371012 0.22515952597994532 0.9881494986326345 0.13673655423883319 0.9881494986326345
95 0.0528714676390155 0.8119112731692495 0.12670920692798543 0.8119112731692495 0.12670920692798543 0.8933454876937101 0.0528714676390155 0.8933454876937101
129 0.6198723792160438 0.7632938316621087 0.6809480401093893 0.7632938316621087 0.6809480401093893 0.850805226374962 0.6198723792160438 0.850805226374962
129 0.6836827711941659 0.7669401397751443 0.7292616226071102 0.7669401397751443 0.7292616226071102 0.8277119416590701 0.6836827711941659 0.8277119416590701
129 0.4977210574293528 0.7098146460042539 0.5396536007292616 0.7098146460042539 0.5396536007292616 0.8021877848678213 0.4977210574293528 0.8021877848678213
129 0.6353691886964449 0.6855059252506837 0.6864175022789427 0.6855059252506837 0.6864175022789427 0.7365542388331813 0.6353691886964449 0.7365542388331813
129 0.5524156791248861 0.7304770586447888 0.6253418413855971 0.7304770586447888 0.6253418413855971 0.7888179884533577 0.5524156791248861 0.7888179884533577
69 0.2333637192342753 0.777879064114251 0.29717411121239745 0.777879064114251 0.29717411121239745 0.848374354299605 0.2333637192342753 0.848374354299605
69 0.309024612579763 0.7547857793983591 0.381950774840474 0.7547857793983591 0.381950774840474 0.8325736858097843 0.309024612579763 0.8325736858097843
69 0.2333637192342753 0.8982072318444242 0.31631722880583407 0.8982072318444242 0.31631722880583407 0.9638407778790641 0.2333637192342753 0.9638407778790641
69 0.31631722880583407 0.8617441507140685 0.3974475843208752 0.8617441507140685 0.3974475843208752 0.9468246733515648 0.31631722880583407 0.9468246733515648
129 0.5478577939835916 0.7973260407171072 0.5998176845943481 0.7973260407171072 0.5998176845943481 0.8787602552415679 0.5478577939835916 0.8787602552415679
6 0.7529626253418413 0.7037374658158613 0.7948951686417504 0.7037374658158613 0.7948951686417504 0.8119112731692495 0.7529626253418413 0.8119112731692495
6 0.7985414767547858 0.7365542388331814 0.8322698268003647 0.7365542388331814 0.8322698268003647 0.7948951686417504 0.7985414767547858 0.7948951686417504
