13 0.053809119229679986 0.514114903733964 0.22231662418578305 0.514114903733964 0.22231662418578305 0.6574878858919927 0.053809119229679986 0.6574878858919927
13 0.23647691871990936 0.5119908595538449 0.3582554517133956 0.5119908595538449 0.3582554517133956 0.655363841711874 0.23647691871990936 0.655363841711874
61 0.05097706032285472 0.4036646063677788 0.21523647691871992 0.4036646063677788 0.21523647691871992 0.48437828521229853 0.05097706032285472 0.48437828521229853
61 0.05380911922967999 0.30383452990218823 0.1954120645709431 0.30383452990218823 0.1954120645709431 0.36861787739581614 0.05380911922967999 0.36861787739581614
13 0.19966015293118097 0.3622457448554593 0.3058623619371283 0.3622457448554593 0.3058623619371283 0.4748200864017635 0.19966015293118097 0.4748200864017635
13 0.3058623619371283 0.3622457448554593 0.3936561880487114 0.3622457448554593 0.3936561880487114 0.4673859317713471 0.3058623619371283 0.4673859317713471
122 0.5749079580855282 0.336757214694032 0.6372132540356839 0.336757214694032 0.6372132540356839 0.46313784341110925 0.5749079580855282 0.46313784341110925
61 1.0648541489662984 0.08399595725987732 1.129708297932597 0.08399595725987732 1.129708297932597 0.16577165819445672 1.0648541489662984 0.16577165819445672
61 0.698102520532427 0.02770878648672523 0.9005947323704332 0.02770878648672523 0.9005947323704332 0.1275388629523157 0.698102520532427 0.1275388629523157
142 0.6188048711413197 0.02770878648672523 0.7009345794392523 0.02770878648672523 0.7009345794392523 0.09036808980023414 0.6188048711413197 0.09036808980023414
124 0.8382894364202774 0.334633170513913 0.902010761823846 0.334633170513913 0.902010761823846 0.38879629710694613 0.8382894364202774 0.38879629710694613
124 0.825545171339564 0.40047854009760026 0.9090909090909091 0.40047854009760026 0.9090909090909091 0.4525176225105144 0.825545171339564 0.4525176225105144
11 0.7504956103086944 0.33357114842385355 0.828377230246389 0.33357114842385355 0.828377230246389 0.395168429647303 0.7504956103086944 0.395168429647303
11 0.7391673746813933 0.4026025842777193 0.8255451713395637 0.4026025842777193 0.8255451713395637 0.4610137992309903 0.7391673746813933 0.4610137992309903
11 0.9133389974511471 0.4949985061128935 0.9629000283205891 0.4949985061128935 0.9629000283205891 0.5257971467246183 0.9133389974511471 0.5257971467246183
11 0.8482016425941659 0.49181243984271494 0.8850184083828943 0.49181243984271494 0.8850184083828943 0.5236731025444992 0.8482016425941659 0.5236731025444992
11 0.8680260549419426 0.5289831743745284 0.9260832625318604 0.5289831743745284 0.9260832625318604 0.5629678812564314 0.8680260549419426 0.5629678812564314
11 0.924667233078448 0.5279211909047372 0.9614839988671764 0.5279211909047372 0.9614839988671764 0.5597818536065213 0.924667233078448 0.5597818536065213
11 0.8581138487680543 0.5661539861468781 0.9147550269045596 0.5661539861468781 0.9147550269045596 0.5948285825784839 0.8581138487680543 0.5948285825784839
11 0.9190031152647975 0.5650919640568186 0.9529878221467006 0.5650919640568186 0.9529878221467006 0.5895184721281865 0.9190031152647975 0.5895184721281865
79 0.606060606060606 0.8237043330501276 0.6754460492778249 0.8237043330501276 0.6754460492778249 0.9097281223449449 0.606060606060606 0.9097281223449449
79 0.5635797224582271 0.8704333050127444 0.6117247238742566 0.8704333050127444 0.6117247238742566 0.9235344095157181 0.5635797224582271 0.9235344095157181
10 0.3752478051543472 0.8778674596431607 0.47153780798640604 0.8778674596431607 0.47153780798640604 0.9692013593882753 0.3752478051543472 0.9692013593882753
156 0.8212970829793259 0.7737892948173323 0.8708581138487681 0.7737892948173323 0.8708581138487681 0.826890399320306 0.8212970829793259 0.826890399320306
156 0.8354573775134523 0.829014443500425 0.8736901727555934 0.829014443500425 0.8736901727555934 0.8725573491928633 0.8354573775134523 0.8725573491928633
50 0.48994619088077035 0.37659303313508924 0.5706598697252903 0.37659303313508924 0.5706598697252903 0.47005097706032295 0.48994619088077035 0.47005097706032295
148 0.6372132540356839 0.3935853865760407 0.7349192863211553 0.3935853865760407 0.7349192863211553 0.46261682242990654 0.6372132540356839 0.46261682242990654
151 0.5083545737751345 0.5114698385726424 0.6273010478617955 0.5114698385726424 0.6273010478617955 0.6187340696686491 0.5083545737751345 0.6187340696686491
81 1.226281506655338 0.5135938827527613 1.4525630133106766 0.5135938827527613 1.4525630133106766 0.6495327102803738 1.226281506655338 0.6495327102803738
81 0.1274426508071368 0.9044180118946474 0.2506372132540357 0.9044180118946474 0.2506372132540357 0.9989379779099407 0.1274426508071368 0.9989379779099407
2 0.48598130841121495 0.13551401869158877 0.6105919003115264 0.13551401869158877 0.6105919003115264 0.308411214953271 0.48598130841121495 0.308411214953271
90 0.6339563862928349 0.13434579439252337 0.749221183800623 0.13434579439252337 0.749221183800623 0.3037383177570093 0.6339563862928349 0.3037383177570093
90 0.750778816199377 0.1588785046728972 0.8442367601246107 0.1588785046728972 0.8442367601246107 0.30140186915887857 0.750778816199377 0.30140186915887857
90 0.8535825545171339 0.16121495327102803 0.9579439252336449 0.16121495327102803 0.9579439252336449 0.31542056074766356 0.8535825545171339 0.31542056074766356
