3 0.07157037057068141 0.19786497131226508 0.12766606642337763 0.19786497131226508 0.12766606642337763 0.3066712779230983 0.07157037057068141 0.3066712779230983
3 0.035785185285340707 0.19496346980264284 0.07640620642005178 0.19496346980264284 0.07640620642005178 0.3044951517908816 0.035785185285340707 0.3044951517908816
7 0.15668108151959984 0.19786497131226508 0.21761261322166645 0.19786497131226508 0.21761261322166645 0.31102353018753165 0.15668108151959984 0.31102353018753165
7 0.3327055064366812 0.20004109744448173 0.39363703813874773 0.20004109744448173 0.39363703813874773 0.31682653320677606 0.3327055064366812 0.31682653320677606
3 0.13056756793299987 0.19641422055745394 0.15571391434972576 0.19641422055745394 0.15571391434972576 0.3044951517908816 0.13056756793299987 0.3044951517908816
60 0.3946041877869408 0.19496346980264292 0.4294222059024073 0.19496346980264292 0.4294222059024073 0.30522052716828724 0.3946041877869408 0.30522052716828724
60 0.43812670751099403 0.20004109744448173 0.46714172260721615 0.20004109744448173 0.46714172260721615 0.3146504070745594 0.43812670751099403 0.3146504070745594
60 0.5096970693208349 0.2203516080118373 0.5503180904555459 0.2203516080118373 0.5503180904555459 0.32553103773564274 0.5096970693208349 0.32553103773564274
51 0.009671671698740732 0.3588983050962982 0.07060320340080734 0.3588983050962982 0.07060320340080734 0.49019124840670364 0.009671671698740732 0.49019124840670364
51 0.10058538566690362 0.3516445513222427 0.16345125170871835 0.3516445513222427 0.16345125170871835 0.4771344916134037 0.10058538566690362 0.4771344916134037
51 0.1644183984366313 0.35672217017136065 0.22244842862907574 0.35672217017136065 0.22244842862907574 0.4901912396139827 0.1644183984366313 0.4901912396139827
51 0.2833799807731034 0.3617998066059205 0.34334434530529595 0.3617998066059205 0.34334434530529595 0.474958365481187 0.2833799807731034 0.474958365481187
133 0.6296258275880215 0.36615205887035374 0.6750826845721031 0.36615205887035374 0.6750826845721031 0.4575493564234537 0.6296258275880215 0.4575493564234537
133 0.6789513298893578 0.3545461055881907 0.7215066853638171 0.3545461055881907 0.7215066853638171 0.4560986584249684 0.6789513298893578 0.4560986584249684
133 0.7302112132549251 0.35599680358667596 0.7650292313703918 0.35599680358667596 0.7650292313703918 0.4575493564234536 0.7302112132549251 0.4575493564234536
133 0.76696356571014 0.35599680358667596 0.8046830853352289 0.35599680358667596 0.8046830853352289 0.44884485189458706 0.76696356571014 0.44884485189458706
28 0.3878340351195033 0.3697789357573815 0.41975055172534764 0.3697789357573815 0.41975055172534764 0.47205686397156477 0.3878340351195033 0.47205686397156477
28 0.4294222234240885 0.3480176744352149 0.48164925059728847 0.3480176744352149 0.48164925059728847 0.47568374085859255 0.4294222234240885 0.47568374085859255
28 0.48164923891616757 0.37485656339922035 0.513565755522012 0.37485656339922035 0.513565755522012 0.4742329901037814 0.48164923891616757 0.4742329901037814
119 0.22534992429813763 0.3799341910410593 0.27660978430146355 0.3799341910410593 0.27660978430146355 0.47133148859415924 0.22534992429813763 0.47133148859415924
120 0.08027487509954807 0.554749656995798 0.15571391434972573 0.554749656995798 0.15571391434972573 0.6526753329455479 0.08027487509954807 0.6526753329455479
120 0.16538558604846648 0.548221278599148 0.22051411473128865 0.548221278599148 0.22051411473128865 0.646146954548898 0.16538558604846648 0.646146954548898
24 0.2301857864300294 0.5221077650125481 0.2843471479429775 0.5221077650125481 0.2843471479429775 0.6294633208685702 0.2301857864300294 0.6294633208685702
113 0.2969203211513405 0.5402421494476869 0.3617205215329034 0.5402421494476869 0.3617205215329034 0.6243856932267313 0.2969203211513405 0.6243856932267313
98 0.36752352455214776 0.5257346418995759 0.41781621738559954 0.5257346418995759 0.41781621738559954 0.6156811886978646 0.36752352455214776 0.6156811886978646
24 0.424586387574718 0.5184808881255203 0.476813414747918 0.5184808881255203 0.476813414747918 0.6069766841689979 0.424586387574718 0.6069766841689979
121 0.6894454962478426 0.5062829843063652 0.7331207485196672 0.5062829843063652 0.7331207485196672 0.5773793466693068 0.6894454962478426 0.5773793466693068
39 0.08535164108129749 0.6942632706803034 0.13912351979706114 0.6942632706803034 0.13912351979706114 0.7433119438331959 0.08535164108129749 0.7433119438331959
39 0.1420300990595522 0.6888134181077598 0.19507533076564335 0.6888134181077598 0.19507533076564335 0.7335022092026174 0.1420300990595522 0.7335022092026174
39 0.19652862478498834 0.6768237424481639 0.24521397443304457 0.6768237424481639 0.24521397443304457 0.7258724156010564 0.19652862478498834 0.7258724156010564
39 0.20088850684302317 0.7302322976590913 0.25466038555878684 0.7302322976590913 0.25466038555878684 0.7771010297829664 0.20088850684302317 0.7771010297829664
39 0.1456633341079146 0.737317106003398 0.2001618598333507 0.737317106003398 0.2001618598333507 0.7880007349280536 0.1456633341079146 0.7880007349280536
39 0.08535163230509867 0.7444019143477045 0.14493668709824212 0.7444019143477045 0.14493668709824212 0.8027153368739212 0.08535163230509867 0.8027153368739212
42 0.2532070915394418 0.7062529463398994 0.2931726770714284 0.7062529463398994 0.2931726770714284 0.764566368866116 0.2532070915394418 0.764566368866116
42 0.2953526181004458 0.6964432117093209 0.33531820363243225 0.6964432117093209 0.33531820363243225 0.7514867226920113 0.2953526181004458 0.7514867226920113
42 0.2510271505104244 0.672463860390129 0.2880861480037209 0.672463860390129 0.2880861480037209 0.7008030937673557 0.2510271505104244 0.7008030937673557
42 0.2873595009940485 0.6626541257595505 0.33023167456472485 0.6626541257595505 0.33023167456472485 0.6948082559375578 0.2873595009940485 0.6948082559375578
98 0.4951805457603782 0.6686489635893484 0.5220664851182598 0.6686489635893484 0.5220664851182598 0.7117027989124429 0.4951805457603782 0.7117027989124429
84 0.6652159460237388 0.6506644500999547 0.6964617674396556 0.6506644500999547 0.6964617674396556 0.6866334770787426 0.6652159460237388 0.6866334770787426
84 0.6652159460237388 0.6097905558058775 0.6899219443526032 0.6097905558058775 0.6899219443526032 0.6430346564983934 0.6652159460237388 0.6430346564983934
84 0.7059081785653977 0.6010707916898077 0.7436938230683667 0.6010707916898077 0.7436938230683667 0.6403097302121218 0.7059081785653977 0.6403097302121218
84 0.700095002488018 0.646849553299174 0.7255276478265548 0.646849553299174 0.7255276478265548 0.6822735950207076 0.700095002488018 0.6822735950207076
110 0.09915792548887581 0.9307868723286962 0.16019627430136427 0.9307868723286962 0.16019627430136427 0.9972750737137281 0.09915792548887581 0.9972750737137281
110 0.18417562562055614 0.9177072261545915 0.22850109321057746 0.9177072261545915 0.22850109321057746 0.9765656339380624 0.18417562562055614 0.9765656339380624
79 0.2873595009940485 0.8871880517483473 0.33967808569046715 0.8871880517483473 0.33967808569046715 0.9351467543867309 0.2873595009940485 0.9351467543867309
79 0.33531820363243225 0.8648436562009184 0.37528378916441874 0.8648436562009184 0.37528378916441874 0.9209771376981178 0.33531820363243225 0.9209771376981178
96 0.3585709079419517 0.8272396734503675 0.38400355328048846 0.8272396734503675 0.38400355328048846 0.8632087004291553 0.3585709079419517 0.8632087004291553
42 0.4690212534121689 0.8027153368739213 0.5162533090408801 0.8027153368739213 0.5162533090408801 0.8419542753962355 0.4690212534121689 0.8419542753962355
113 0.5424126013890895 0.7444019143477045 0.5678452467276263 0.7444019143477045 0.5678452467276263 0.7825508823555098 0.5424126013890895 0.7825508823555098
120 0.6346967716174946 0.7918156317288342 0.6572228289173415 0.7918156317288342 0.6572228289173415 0.8375943933382003 0.6346967716174946 0.8375943933382003
113 0.701548296507363 0.7803709413264925 0.7262542948362273 0.7803709413264925 0.7262542948362273 0.8163399683052803 0.701548296507363 0.8163399683052803
113 0.6615827109753764 0.7351371649743804 0.7051815315557252 0.7351371649743804 0.7051815315557252 0.770561206695914 0.6615827109753764 0.770561206695914
18 0.7321875779800968 0.5003923841685456 0.7732766700923114 0.5003923841685456 0.7732766700923114 0.5717972088757478 0.7321875779800968 0.5717972088757478
18 0.7752810160490049 0.6011107684923886 0.8083527243344459 0.6011107684923886 0.8083527243344459 0.6356857362453497 0.7752810160490049 0.6356857362453497
41 0.011023902761813665 0.9368631023641579 0.09721077889962958 0.9368631023641579 0.09721077889962958 0.9992483702662398 0.011023902761813665 0.9992483702662398
29 0.0010021729783466968 0.710622552502391 0.04409561104725465 0.710622552502391 0.04409561104725465 0.8233670125663946 0.0010021729783466968 0.8233670125663946
31 0.010021729783466968 0.5317346758675058 0.0651412435925353 0.5317346758675058 0.0651412435925353 0.6354595791263888 0.010021729783466968 0.6354595791263888
98 0.4640060889745206 0.6828122523532703 0.5010864891733484 0.6828122523532703 0.5010864891733484 0.7256551471775914 0.4640060889745206 0.7256551471775914
54 0.5624991230096623 0.5119339941605158 0.612586310589934 0.5119339941605158 0.612586310589934 0.5967496028169522 0.5624991230096623 0.5967496028169522
54 0.5155423846531577 0.5172166272256226 0.5527164691853906 0.5172166272256226 0.5527164691853906 0.5908800105223891 0.5155423846531577 0.5908800105223891
