52 0.06391478029294274 0.18508655126498003 0.2521083000443853 0.18508655126498003 0.2521083000443853 0.2436750998668442 0.06391478029294274 0.2436750998668442
52 0.11185086551264982 0.1677762982689747 0.2467820683533067 0.1677762982689747 0.2467820683533067 0.1877496671105193 0.11185086551264982 0.1877496671105193
52 0.2467820683533067 0.14647137150466044 0.3994673768308921 0.14647137150466044 0.3994673768308921 0.19573901464713714 0.2467820683533067 0.19573901464713714
52 0.2574345317354638 0.19840213049267644 0.3959165557035064 0.19840213049267644 0.3959165557035064 0.24500665778961384 0.2574345317354638 0.24500665778961384
16 0.6533510874389702 0.11850865512649801 0.7634265423879271 0.11850865512649801 0.7634265423879271 0.1611185086551265 0.6533510874389702 0.1611185086551265
16 0.6515756768752774 0.1677762982689747 0.7705281846426986 0.1677762982689747 0.7705281846426986 0.20905459387483352 0.6515756768752774 0.20905459387483352
16 0.6462494451841988 0.21171770972037288 0.7811806480248557 0.21171770972037288 0.7811806480248557 0.25565912117177103 0.6462494451841988 0.25565912117177103
150 0.5397248113626276 0.20639147802929428 0.6462494451841988 0.20639147802929428 0.6462494451841988 0.25432756324900135 0.5397248113626276 0.25432756324900135
13 0.5397248113626276 0.16644474034620507 0.6462494451841988 0.16644474034620507 0.6462494451841988 0.20505992010652463 0.5397248113626276 0.20505992010652463
52 0.41011984021304926 0.14913448735019974 0.5290723479804705 0.14913448735019974 0.5290723479804705 0.20372836218375495 0.41011984021304926 0.20372836218375495
52 0.4083444296493564 0.20505992010652463 0.534398579671549 0.20505992010652463 0.534398579671549 0.255659121171771 0.4083444296493564 0.255659121171771
52 0.4111915730156499 0.329064051391252 0.47292542848180646 0.329064051391252 0.47292542848180646 0.40264860232635824 0.4111915730156499 0.40264860232635824
11 0.7795219447637264 0.1698683198297651 0.8556870911180754 0.1698683198297651 0.8556870911180754 0.2593122581472078 0.7795219447637264 0.2593122581472078
11 0.619174268228255 0.31418122871168946 0.67228943608063 0.31418122871168946 0.67228943608063 0.41189309410049246 0.619174268228255 0.41189309410049246
11 0.10105083842301282 0.3104230800428894 0.18423119562578863 0.3104230800428894 0.18423119562578863 0.35401760460097065 0.10105083842301282 0.35401760460097065
11 0.06096391928914493 0.35702412353601076 0.16719425499389481 0.35702412353601076 0.16719425499389481 0.4013702778278521 0.06096391928914493 0.4013702778278521
11 0.33255279642109975 0.5314022217683361 0.4247527104289959 0.5314022217683361 0.4247527104289959 0.5629706705862569 0.33255279642109975 0.5629706705862569
11 0.3505919100313403 0.4750299917363343 0.42675705638568934 0.4750299917363343 0.42675705638568934 0.5065984405542553 0.3505919100313403 0.5065984405542553
11 0.34457887216126015 0.5682320787225771 0.43277009425576934 0.5682320787225771 0.43277009425576934 0.599048897806738 0.34457887216126015 0.599048897806738
11 0.4317679212774228 0.48480117827521463 0.5169526244368919 0.48480117827521463 0.5169526244368919 0.5148663676256156 0.4317679212774228 0.5148663676256156
11 0.427759229364036 0.5253891838982558 0.5149482784801985 0.5253891838982558 0.5149482784801985 0.5584608921836969 0.427759229364036 0.5584608921836969
11 0.43076574829907605 0.5584608921836969 0.5149482784801985 0.5584608921836969 0.5149482784801985 0.5930358599366579 0.43076574829907605 0.5930358599366579
11 0.3656245047065408 0.6388852736960192 0.4407874780825431 0.6388852736960192 0.4407874780825431 0.6824797982541005 0.3656245047065408 0.6824797982541005
11 0.36562450470654073 0.6892444658579406 0.44880486190931657 0.6892444658579406 0.44880486190931657 0.735093879617302 0.36562450470654073 0.735093879617302
11 0.3646223317281941 0.7418585472211423 0.4417896510608898 0.7418585472211423 0.4417896510608898 0.7749302555065835 0.3646223317281941 0.7749302555065835
11 0.4678461484979038 0.6914993550592208 0.5279765271987055 0.6914993550592208 0.5279765271987055 0.726825952545942 0.4678461484979038 0.726825952545942
11 0.45080920786601003 0.733590620149782 0.5149482784801985 0.733590620149782 0.5149482784801985 0.762904179766423 0.45080920786601003 0.762904179766423
11 0.5239678352853189 0.733590620149782 0.6011351546180145 0.733590620149782 0.6011351546180145 0.7696688473702632 0.5239678352853189 0.7696688473702632
11 0.5179547974152388 0.6524146089036996 0.5750786571810004 0.6524146089036996 0.5750786571810004 0.6877412063904207 0.5179547974152388 0.6877412063904207
74 0.09153019512871918 0.5610482354841465 0.16569099552637476 0.5610482354841465 0.16569099552637476 0.5956232032371076 0.09153019512871918 0.5956232032371076
74 0.17671489828818843 0.5505254192115062 0.22782572018386996 0.5505254192115062 0.22782572018386996 0.5971264627046277 0.17671489828818843 0.5971264627046277
74 0.23383875805395013 0.5452640110751861 0.28394740697128495 0.5452640110751861 0.28394740697128495 0.5971264627046277 0.23383875805395013 0.5971264627046277
74 0.286953925906325 0.5715710517567869 0.3380647478020066 0.5715710517567869 0.3380647478020066 0.5978780924383876 0.286953925906325 0.5978780924383876
16 0.47586353232467743 0.3318011666873396 0.5430091218739062 0.3318011666873396 0.5430091218739062 0.40997065899838203 0.47586353232467743 0.40997065899838203
13 0.5465167272981195 0.3295462774860595 0.6166688357823884 0.3295462774860595 0.6166688357823884 0.40846739953086186 0.5465167272981195 0.40846739953086186
61 0.18823988753917542 0.32052672068093924 0.24536374730493715 0.32052672068093924 0.24536374730493715 0.3979445832582215 0.18823988753917542 0.3979445832582215
11 0.6582590143837763 0.5076825243871849 0.7063633173444178 0.5076825243871849 0.7063633173444178 0.5512770489452662 0.6582590143837763 0.5512770489452662
11 0.6632698792755097 0.5512770489452662 0.7113741822361512 0.5512770489452662 0.7113741822361512 0.5948715735033476 0.6632698792755097 0.5948715735033476
11 0.583096041007774 0.4580749619590235 0.6913307226692172 0.4580749619590235 0.6913307226692172 0.4934015594457445 0.583096041007774 0.4934015594457445
144 0.7063633173444176 0.544512381341426 0.7584763122184458 0.544512381341426 0.7584763122184458 0.5956232032371076 0.7063633173444176 0.5956232032371076
144 0.7394350256298589 0.5234667487961454 0.7925501934822338 0.5234667487961454 0.7925501934822338 0.5505254192115062 0.7394350256298589 0.5505254192115062
122 0.23260434827426846 0.7114493452095271 0.29874776484515053 0.7114493452095271 0.29874776484515053 0.7767659690732733 0.23260434827426846 0.7767659690732733
122 0.23480912882663127 0.6593614046599575 0.2987477648451506 0.6593614046599575 0.2987477648451506 0.707315381673847 0.23480912882663127 0.707315381673847
122 0.21717088440772933 0.6254629036673804 0.28992864263569956 0.6254629036673804 0.28992864263569956 0.6560542338314135 0.21717088440772933 0.6560542338314135
144 0.3042597162260573 0.6916063202382625 0.36048162031130704 0.6916063202382625 0.36048162031130704 0.7693248347090489 0.3042597162260573 0.7693248347090489
144 0.315283618987871 0.645305928638645 0.3593792300351257 0.645305928638645 0.3593792300351257 0.6858187712883103 0.315283618987871 0.6858187712883103
150 0.10913663734195535 0.6907795275311266 0.17638244418901874 0.6907795275311266 0.17638244418901874 0.7784195544875452 0.10913663734195535 0.7784195544875452
150 0.12346771093231311 0.642825550517237 0.174177663636656 0.642825550517237 0.174177663636656 0.6849919785811742 0.12346771093231311 0.6849919785811742
89 0.24677006332319898 0.3567444759354169 0.3414764119499403 0.3567444759354169 0.3414764119499403 0.40276375801460806 0.24677006332319898 0.40276375801460806
34 0.340878828229028 0.3209054593874833 0.40834442964935636 0.3209054593874833 0.40834442964935636 0.4021304926764314 0.340878828229028 0.4021304926764314
34 0.6000887705281847 0.7217043941411451 0.6835330670217488 0.7217043941411451 0.6835330670217488 0.7669773635153129 0.6000887705281847 0.7669773635153129
34 0.6640035508211274 0.700399467376831 0.7137150466045273 0.700399467376831 0.7137150466045273 0.7603195739014648 0.6640035508211274 0.7603195739014648
24 0.5201952951620062 0.5552596537949401 0.6000887705281847 0.5552596537949401 0.6000887705281847 0.5978695073235686 0.5201952951620062 0.5978695073235686
124 0.5805592543275633 0.5246338215712384 0.6426986240568131 0.5246338215712384 0.6426986240568131 0.5579227696404794 0.5805592543275633 0.5579227696404794
124 0.6142920550377274 0.5685752330226365 0.6586773191300487 0.5685752330226365 0.6586773191300487 0.6005326231691078 0.6142920550377274 0.6005326231691078
