156 0.23306074766355142 0.35981308411214946 0.320677570093458 0.35981308411214946 0.320677570093458 0.49532710280373826 0.23306074766355142 0.49532710280373826
79 0.0254088785046729 0.308411214953271 0.16471962616822433 0.308411214953271 0.16471962616822433 0.4824766355140187 0.0254088785046729 0.4824766355140187
79 0.06746495327102804 0.0455607476635514 0.13931074766355142 0.0455607476635514 0.13931074766355142 0.2079439252336449 0.06746495327102804 0.2079439252336449
79 0.6632593457943926 0.3317757009345794 0.7386098130841122 0.3317757009345794 0.7386098130841122 0.5070093457943924 0.6632593457943926 0.5070093457943924
123 0.548481308411215 0.37032720192909374 0.6071845794392524 0.37032720192909374 0.6071845794392524 0.5070094449197479 0.548481308411215 0.5070094449197479
123 0.5195677570093459 0.13317757009345793 0.5782710280373833 0.13317757009345793 0.5782710280373833 0.2932242990654206 0.5195677570093459 0.2932242990654206
112 0.6939252336448598 0.6343457943925234 0.7675233644859812 0.6343457943925234 0.7675233644859812 0.8154205607476634 0.6939252336448598 0.8154205607476634
112 0.6212032710280374 0.616822429906542 0.6851635514018692 0.616822429906542 0.6851635514018692 0.7757009345794392 0.6212032710280374 0.7757009345794392
143 0.28037383177570097 0.6156542056074766 0.35309579439252337 0.6156542056074766 0.35309579439252337 0.8282710280373832 0.28037383177570097 0.8282710280373832
120 0.7692757009345796 0.35630841121495327 0.8209696261682244 0.35630841121495327 0.8209696261682244 0.4836448598130841 0.7692757009345796 0.4836448598130841
120 0.868282710280374 0.3703271028037383 0.9436331775700936 0.3703271028037383 0.9436331775700936 0.4988317757009346 0.868282710280374 0.4988317757009346
120 0.7053154205607477 0.05490654205607478 0.7421144859813085 0.05490654205607478 0.7421144859813085 0.18457943925233644 0.7053154205607477 0.18457943925233644
120 0.7552570093457944 0.07827102803738317 0.790303738317757 0.07827102803738317 0.790303738317757 0.20443925233644863 0.7552570093457944 0.20443925233644863
156 0.2768691588785047 0.16121495327102803 0.3574766355140187 0.16121495327102803 0.3574766355140187 0.2897196261682243 0.2768691588785047 0.2897196261682243
57 0.813960280373832 0.6144859813084113 0.8639018691588786 0.6144859813084113 0.8639018691588786 0.7827102803738318 0.813960280373832 0.7827102803738318
134 0.8787967289719627 0.6156542056074766 0.950642523364486 0.6156542056074766 0.950642523364486 0.7920560747663551 0.8787967289719627 0.7920560747663551
42 0.3706191588785048 0.2207943925233645 0.5055490654205608 0.2207943925233645 0.5055490654205608 0.3714953271028037 0.3706191588785048 0.3714953271028037
22 0.32593457943925236 0.375 0.4442172897196262 0.375 0.4442172897196262 0.5210280373831776 0.32593457943925236 0.5210280373831776
22 0.44684579439252337 0.3773364485981308 0.5449766355140188 0.3773364485981308 0.5449766355140188 0.5093457943925234 0.44684579439252337 0.5093457943925234
113 0.655373831775701 0.11448598130841121 0.6921728971962618 0.11448598130841121 0.6921728971962618 0.25350467289719625 0.655373831775701 0.25350467289719625
113 0.5879088785046729 0.11565420560747663 0.6466121495327103 0.11565420560747663 0.6466121495327103 0.2523364485981308 0.5879088785046729 0.2523364485981308
113 0.9576518691588786 0.39369158878504673 0.9979556074766356 0.39369158878504673 0.9979556074766356 0.5175233644859815 0.9576518691588786 0.5175233644859815
113 0.9007009345794394 0.22546728971962618 1.0 0.22546728971962618 1.0 0.34345794392523366 0.9007009345794394 0.34345794392523366
96 0.19100467289719628 0.2383177570093458 0.24795560747663553 0.2383177570093458 0.24795560747663553 0.3516355140186916 0.19100467289719628 0.3516355140186916
