61 0.09587217043941411 0.06125166444740346 0.39236573457612073 0.06125166444740346 0.39236573457612073 0.26231691078561914 0.09587217043941411 0.26231691078561914
61 0.05503772747447847 0.31025299600532624 0.20239680426098536 0.31025299600532624 0.20239680426098536 0.4007989347536618 0.05503772747447847 0.4007989347536618
61 0.21304926764314247 0.3062583222370173 0.353306702174878 0.3062583222370173 0.353306702174878 0.4021304926764314 0.21304926764314247 0.4021304926764314
61 0.3621837549933422 0.31424766977363516 0.44740346205059917 0.31424766977363516 0.44740346205059917 0.41278295605858856 0.3621837549933422 0.41278295605858856
61 0.45983133599644915 0.3209054593874833 0.5486018641810919 0.3209054593874833 0.5486018641810919 0.4181091877496671 0.45983133599644915 0.4181091877496671
142 0.6853084775854418 0.3501997336884155 0.8095872170439414 0.3501997336884155 0.8095872170439414 0.43808255659121176 0.6853084775854418 0.43808255659121176
142 0.8131380381713272 0.3715046604527296 0.8965823346648913 0.3715046604527296 0.8965823346648913 0.4420772303595206 0.8131380381713272 0.4420772303595206
142 0.9019085663559698 0.3848202396804261 0.9462938304482912 0.3848202396804261 0.9462938304482912 0.45139813581890814 0.9019085663559698 0.45139813581890814
142 0.9480692410119841 0.3821571238348868 0.9960053262316911 0.3821571238348868 0.9960053262316911 0.45006657789613846 0.9480692410119841 0.45006657789613846
50 0.5610297381269419 0.33422103861517977 0.6693297825122061 0.33422103861517977 0.6693297825122061 0.42876165113182424 0.5610297381269419 0.42876165113182424
104 0.4065690190856636 0.18508655126498003 0.5130936529072349 0.18508655126498003 0.5130936529072349 0.28761651131824234 0.4065690190856636 0.28761651131824234
104 0.5148690634709276 0.20905459387483355 0.596537949400799 0.20905459387483355 0.596537949400799 0.2982689747003995 0.5148690634709276 0.2982689747003995
151 0.8003831093560047 0.21492395895124466 0.8693204426108082 0.21492395895124466 0.8693204426108082 0.33343261407774233 0.8003831093560047 0.33343261407774233
115 0.8610741233910342 0.2796271637816245 0.9285397248113626 0.2796271637816245 0.9285397248113626 0.3448735019973369 0.8610741233910342 0.3448735019973369
151 0.6705630504752146 0.19927575769266814 0.7398040926155317 0.19927575769266814 0.7398040926155317 0.31543671654648986 0.6705630504752146 0.31543671654648986
115 0.884663641303827 0.20269225648248634 0.960282147851805 0.20269225648248634 0.960282147851805 0.20337555624045 0.884663641303827 0.20337555624045
151 0.7425372916473862 0.2040588559984137 0.7999344713163336 0.2040588559984137 0.7999344713163336 0.32431961340001725 0.7425372916473862 0.32431961340001725
89 0.36043142654601706 0.4527799678971848 0.45153806094117127 0.4527799678971848 0.45153806094117127 0.551858432801915 0.36043142654601706 0.551858432801915
89 0.4570044590048805 0.45619646668700314 0.5891090788778541 0.45619646668700314 0.5891090788778541 0.5395590371585692 0.4570044590048805 0.5395590371585692
89 0.5918422779097089 0.4589296657188578 0.7148362343431671 0.4589296657188578 0.7148362343431671 0.5450254352222784 0.5918422779097089 0.5450254352222784
89 0.7175694333750218 0.45756306620293047 0.8396523234645284 0.45756306620293047 0.8396523234645284 0.5320427398209691 0.7175694333750218 0.5320427398209691
89 0.84056338980848 0.4725956608781308 0.9526245501145197 0.4725956608781308 0.9526245501145197 0.5375091378846784 0.84056338980848 0.5375091378846784
89 0.9553577491463744 0.47669545942591285 0.9981778673120966 0.47669545942591285 0.9981778673120966 0.5334093393368964 0.9553577491463744 0.5334093393368964
128 0.8934052377576694 0.6632362933499911 0.9498913510826651 0.6632362933499911 0.9498913510826651 0.7226833722928293 0.8934052377576694 0.7226833722928293
128 0.8770060435665417 0.7267831708406112 0.9416917539871011 0.7267831708406112 0.9416917539871011 0.7759807534139943 0.8770060435665417 0.7759807534139943
128 0.15361936646901686 0.7329328686622841 0.25110346527183197 0.7329328686622841 0.25110346527183197 0.8176620386497777 0.15361936646901686 0.8176620386497777
128 0.1545304328129684 0.8230253626874128 0.24017066914441343 0.8230253626874128 0.24017066914441343 0.8838390411461783 0.1545304328129684 0.8838390411461783
71 0.3135115098325126 0.5647380541771505 0.3718197558454113 0.5647380541771505 0.3718197558454113 0.593436644011624 0.3135115098325126 0.593436644011624
71 0.29984551467323944 0.5920700444956966 0.3736418885333143 0.5920700444956966 0.3736418885333143 0.6323847302155524 0.29984551467323944 0.6323847302155524
71 0.38185424055769346 0.5631452824413372 0.43651822119478606 0.5631452824413372 0.43651822119478606 0.595260371065629 0.38185424055769346 0.595260371065629
71 0.38001935294097516 0.5961698430434786 0.42921693551435847 0.5961698430434786 0.42921693551435847 0.6310181306996252 0.38001935294097516 0.6310181306996252
71 0.3690865568135567 0.6344346294894435 0.4219284047627461 0.6344346294894435 0.4219284047627461 0.6720161161774446 0.3690865568135567 0.6720161161774446
71 0.24153726866034073 0.6303348309416615 0.3071340454248518 0.6303348309416615 0.3071340454248518 0.6774825142411538 0.24153726866034073 0.6774825142411538
71 0.24882579941195307 0.5818205481262418 0.300756581017191 0.5818205481262418 0.300756581017191 0.6241851331199886 0.24882579941195307 0.6241851331199886
71 0.25702539650751693 0.5667879534510415 0.3080451117688034 0.5667879534510415 0.3080451117688034 0.5797706488523509 0.25702539650751693 0.5797706488523509
71 0.25247006478775924 0.7143807011711913 0.3936853481002484 0.7143807011711913 0.3936853481002484 0.7663114827764291 0.25247006478775924 0.7663114827764291
71 0.410084542291376 0.6986648067380272 0.5002801103425787 0.6986648067380272 0.5002801103425787 0.7581118856808653 0.410084542291376 0.7581118856808653
71 0.4328612008901647 0.7656281830184655 0.525789967973222 0.7656281830184655 0.525789967973222 0.8442076551842861 0.4328612008901647 0.8442076551842861
71 0.25702539650751693 0.7881770750312662 0.4191952057308915 0.7881770750312662 0.4191952057308915 0.8653899476811595 0.25702539650751693 0.8653899476811595
128 0.02061469816459156 0.7489857341135027 0.1418776285445419 0.7489857341135027 0.1418776285445419 0.8381139879427661 0.02061469816459156 0.8381139879427661
148 0.8088237456342688 0.7198826308223145 0.8743057280394421 0.7198826308223145 0.8743057280394421 0.787183557183187 0.8088237456342688 0.787183557183187
148 0.7457670218366945 0.5807334182113215 0.7918469353810756 0.5807334182113215 0.7918469353810756 0.6180217693031562 0.7457670218366945 0.6180217693031562
148 0.7397038753176973 0.6162028253474571 0.7894216767734767 0.6162028253474571 0.7894216767734767 0.6453059286386451 0.7397038753176973 0.6453059286386451
148 0.6572450826593306 0.574367114366374 0.6863481859505186 0.574367114366374 0.6863481859505186 0.6089270495246599 0.6572450826593306 0.6089270495246599
148 0.6911987031657171 0.5725481704106749 0.7251523236721032 0.5725481704106749 0.7251523236721032 0.6125649374360584 0.6911987031657171 0.6125649374360584
148 0.6887734445581178 0.6080175775468104 0.7203018064569052 0.6080175775468104 0.7203018064569052 0.6343922649044496 0.6887734445581178 0.6343922649044496
148 0.7469796511404941 0.5589060907429305 0.8051858577228703 0.5589060907429305 0.8051858577228703 0.5807334182113215 0.7469796511404941 0.5807334182113215
148 0.8282258144950609 0.5589060907429305 0.8658173229128456 0.5589060907429305 0.8658173229128456 0.5825523621670208 0.8282258144950609 0.5825523621670208
148 0.7979100819000733 0.5834618341448704 0.8306510731026598 0.5834618341448704 0.8306510731026598 0.6134744094139081 0.7979100819000733 0.6134744094139081
148 0.8270131851912609 0.5789144742556223 0.858541547090048 0.5789144742556223 0.858541547090048 0.6162028253474569 0.8270131851912609 0.6162028253474569
148 0.7942721939886748 0.6180217693031562 0.8245879265836623 0.6180217693031562 0.8245879265836623 0.640758568749397 0.7942721939886748 0.640758568749397
148 0.8282258144950609 0.6162028253474571 0.8561162884824496 0.6162028253474571 0.8561162884824496 0.6389396247936977 0.8282258144950609 0.6389396247936977
82 0.6063146518997516 0.618931241281006 0.6645208584821278 0.618931241281006 0.6645208584821278 0.665314312151337 0.6063146518997516 0.665314312151337
82 0.6160156863301477 0.5752765863442237 0.6608829705707293 0.5752765863442237 0.6608829705707293 0.6207501852367051 0.6160156863301477 0.6207501852367051
105 0.8803688745584394 0.5861902500784193 0.9264487881028205 0.5861902500784193 0.9264487881028205 0.618931241281006 0.8803688745584394 0.618931241281006
105 0.864604693609046 0.6125649374360584 0.915535124368625 0.6125649374360584 0.915535124368625 0.6462154006164947 0.864604693609046 0.6462154006164947
105 0.920385641583823 0.562543978654329 0.9652529258244048 0.562543978654329 0.9652529258244048 0.5952849698569156 0.920385641583823 0.5952849698569156
105 0.9688908137358032 0.5652723945878778 0.9919307705079938 0.5652723945878778 0.9919307705079938 0.5898281379898178 0.9688908137358032 0.5898281379898178
105 0.9288740467104196 0.5961944418347652 0.9785918481661992 0.5961944418347652 0.9785918481661992 0.618931241281006 0.9288740467104196 0.618931241281006
105 0.8682425815204443 0.5598155627207801 0.898558314115432 0.5598155627207801 0.898558314115432 0.5834618341448704 0.8682425815204443 0.5834618341448704
105 0.9325119346218181 0.6198407132588555 0.9652529258244048 0.6198407132588555 0.9652529258244048 0.6416680407272466 0.9325119346218181 0.6416680407272466
105 0.9167477536724246 0.6207501852367051 0.9349371932294172 0.6207501852367051 0.9349371932294172 0.6416680407272466 0.9167477536724246 0.6416680407272466
124 0.4911148680387989 0.5680008105214268 0.539620040190779 0.5680008105214268 0.539620040190779 0.60892704952466 0.4911148680387989 0.60892704952466
124 0.5456831867097764 0.5625439786543289 0.583274695127561 0.5625439786543289 0.583274695127561 0.6089270495246599 0.5456831867097764 0.6089270495246599
124 0.5844873244313606 0.5616345066764793 0.6208662035453457 0.5616345066764793 0.6208662035453457 0.6125649374360584 0.5844873244313606 0.6125649374360584
124 0.534769522975581 0.6080175775468102 0.5711484020895661 0.6080175775468102 0.5711484020895661 0.6343922649044494 0.534769522975581 0.6343922649044494
124 0.48505172151980136 0.6043796896354119 0.53719478158318 0.6043796896354119 0.53719478158318 0.6443964566607955 0.48505172151980136 0.6443964566607955
124 0.4705001698742073 0.6425775127050961 0.5335568936717815 0.6425775127050961 0.5335568936717815 0.6707711440184345 0.4705001698742073 0.6707711440184345
124 0.5772115486085636 0.6134744094139081 0.6123777984187493 0.6134744094139081 0.6123777984187493 0.6280259610595021 0.5772115486085636 0.6280259610595021
124 0.5784241779123631 0.6380301528158481 0.6087399105073508 0.6380301528158481 0.6087399105073508 0.6634953681956376 0.5784241779123631 0.6634953681956376
124 0.539620040190779 0.6380301528158481 0.5662978848743682 0.6380301528158481 0.5662978848743682 0.6616764242399384 0.539620040190779 0.6616764242399384
124 0.43290866145642276 0.5998323297461637 0.4777759456970044 0.5998323297461637 0.4777759456970044 0.6316638489709008 0.43290866145642276 0.6316638489709008
124 0.4244202563298261 0.6371206808379984 0.46807491126660833 0.6371206808379984 0.46807491126660833 0.6634953681956376 0.4244202563298261 0.6634953681956376
124 0.515367454114789 0.6925984714868256 0.6099525398111502 0.6925984714868256 0.6099525398111502 0.7662657016926456 0.515367454114789 0.7662657016926456
124 0.6123777984187493 0.6898700555532769 0.6887734445581178 0.6898700555532769 0.6887734445581178 0.7408004863128561 0.6123777984187493 0.7408004863128561
124 0.6972618496847144 0.6771374478633819 0.7712322372164842 0.6771374478633819 0.7712322372164842 0.7353436544457582 0.6972618496847144 0.7353436544457582
124 0.6960492203809151 0.7435289022464049 0.8076111163304693 0.7435289022464049 0.8076111163304693 0.7990066928952321 0.6960492203809151 0.7990066928952321
124 0.6111651691149497 0.7589899258698485 0.6827102980391203 0.7589899258698485 0.6827102980391203 0.8108298286072773 0.6111651691149497 0.8108298286072773
124 0.5287063764565835 0.7717225335597432 0.6038893932921527 0.7717225335597432 0.6038893932921527 0.833566628053518 0.5287063764565835 0.833566628053518
11 0.43654654936782117 0.5634534506321786 0.48990223873499933 0.5634534506321786 0.48990223873499933 0.6034702176575623 0.43654654936782117 0.6034702176575623
11 0.12005030107615083 0.5707292264549756 0.18310702487372502 0.5707292264549756 0.18310702487372502 0.6152933533696074 0.12005030107615083 0.6152933533696074
11 0.042442025632982626 0.6052891616132614 0.11519978386095281 0.6052891616132614 0.11519978386095281 0.6489438165500437 0.042442025632982626 0.6489438165500437
11 0.04607991354438113 0.6525817044614421 0.11277452525335384 0.6525817044614421 0.11277452525335384 0.6971458313760739 0.04607991354438113 0.6971458313760739
11 0.1382397406331434 0.6471248725943443 0.2061469816459156 0.6471248725943443 0.2061469816459156 0.6971458313760739 0.1382397406331434 0.6971458313760739
11 0.11762504246855182 0.6162028253474571 0.1818943955699255 0.6162028253474571 0.1818943955699255 0.6516722324835925 0.11762504246855182 0.6516722324835925
11 0.18674491278512353 0.5670913385435772 0.2449511193674997 0.5670913385435772 0.2449511193674997 0.6098365215025097 0.18674491278512353 0.6098365215025097
11 0.04729254284818064 0.5507208429422839 0.10913663734195532 0.5507208429422839 0.10913663734195532 0.598922857768314 0.04729254284818064 0.598922857768314
11 0.18795754208892304 0.6134744094139081 0.2437384900637002 0.6134744094139081 0.2437384900637002 0.648034344572194 0.18795754208892304 0.648034344572194
11 0.2109974988611136 0.6507627605057429 0.23525008493710362 0.6507627605057429 0.23525008493710362 0.6762279758855324 0.2109974988611136 0.6762279758855324
37 0.01775410563692854 0.844207723035952 0.14203284509542832 0.844207723035952 0.14203284509542832 0.914780292942743 0.01775410563692854 0.914780292942743
99 0.08344429649356415 0.422103861517976 0.14913448735019974 0.422103861517976 0.14913448735019974 0.4633821571238349 0.08344429649356415 0.4633821571238349
99 0.15363311758054865 0.42782392915043116 0.20674828543292356 0.42782392915043116 0.20674828543292356 0.46465378610467234 0.15363311758054865 0.46465378610467234
99 0.20775045841127027 0.4240657804816311 0.2658764911553787 0.4240657804816311 0.2658764911553787 0.46465378610467234 0.20775045841127027 0.46465378610467234
99 0.2688830100904188 0.4285755588841912 0.3109742751809801 0.4285755588841912 0.3109742751809801 0.4676603050397124 0.2688830100904188 0.4676603050397124
99 0.3149829670943668 0.4315820778192314 0.35707423218492806 0.4315820778192314 0.35707423218492806 0.47066682397475257 0.3149829670943668 0.47066682397475257
99 0.08247883611793316 0.4639021563709123 0.14160704184038828 0.4639021563709123 0.14160704184038828 0.5037385322601935 0.08247883611793316 0.5037385322601935
99 0.14461356077542836 0.46465378610467234 0.20374176649788348 0.46465378610467234 0.20374176649788348 0.5044901619939536 0.14461356077542836 0.5044901619939536
99 0.20674828543292356 0.46766030503971245 0.2588612803069518 0.46766030503971245 0.2588612803069518 0.5074966809289937 0.20674828543292356 0.5074966809289937
99 0.2638721451986853 0.46615704557219234 0.30696558326759327 0.46615704557219234 0.30696558326759327 0.5044901619939536 0.2638721451986853 0.5044901619939536
99 0.31398079411602015 0.4721700834422726 0.35707423218492806 0.4721700834422726 0.35707423218492806 0.5074966809289937 0.31398079411602015 0.5074966809289937
99 0.3079677562459399 0.5052417917277137 0.3520633672931947 0.5052417917277137 0.3520633672931947 0.5428232784157146 0.3079677562459399 0.5428232784157146
99 0.25485258839356506 0.5105031998640337 0.30095254539751304 0.5105031998640337 0.30095254539751304 0.5428232784157146 0.25485258839356506 0.5428232784157146
99 0.20273959351953677 0.5082483106627537 0.2538504154152183 0.5082483106627537 0.2538504154152183 0.5375618702793945 0.20273959351953677 0.5375618702793945
99 0.14160704184038828 0.5052417917277137 0.19171569075772313 0.5052417917277137 0.19171569075772313 0.5435749081494747 0.14160704184038828 0.5435749081494747
99 0.08247883611793316 0.5067450511952336 0.13960269588369487 0.5067450511952336 0.13960269588369487 0.5450781676169948 0.08247883611793316 0.5450781676169948
