31 0.38606770833333326 0.49584960937499994 0.41341145833333326 0.49584960937499994 0.41341145833333326 0.5734863281249999 0.38606770833333326 0.5734863281249999
31 0.340878828229028 0.507323568575233 0.3852640923213493 0.507323568575233 0.3852640923213493 0.5725699067909454 0.340878828229028 0.5725699067909454
31 0.2734479080067881 0.5075031438172596 0.30412742939291554 0.5075031438172596 0.30412742939291554 0.5695291327066041 0.2734479080067881 0.5695291327066041
31 0.305461321627095 0.5105044013441633 0.33347305854486353 0.5105044013441633 0.33347305854486353 0.5735308094091425 0.305461321627095 0.5735308094091425
31 0.2401006021523017 0.4914964370071061 0.2747818002409675 0.4914964370071061 0.2747818002409675 0.5705295518822388 0.2401006021523017 0.5705295518822388
31 0.19341437395602087 0.4674863767918759 0.23476503321558395 0.4674863767918759 0.23476503321558395 0.5735308094091425 0.19341437395602087 0.5735308094091425
31 0.0 0.48949559865583686 0.05602347383553708 0.48949559865583686 0.05602347383553708 0.5905379353949306 0.0 0.5905379353949306
1 0.5735736606971653 0.474489311021318 0.6055870743174722 0.474489311021318 0.6055870743174722 0.5565236834233545 0.5735736606971653 0.5565236834233545
1 0.5428941393110379 0.4784909877238564 0.5682380917604475 0.4784909877238564 0.5682380917604475 0.5595249409502582 0.5428941393110379 0.5595249409502582
1 0.6215937811276256 0.474489311021318 0.6602766559188298 0.474489311021318 0.6602766559188298 0.562526198477162 0.6215937811276256 0.562526198477162
117 0.4575250363235528 0.48849517948020227 0.48420288100714187 0.48849517948020227 0.48420288100714187 0.5605253601258928 0.4575250363235528 0.5605253601258928
9 0.6642783326213682 0.48849517948020227 0.6896222850707777 0.48849517948020227 0.6896222850707777 0.5525220067208161 0.6642783326213682 0.5525220067208161
9 0.6989595307100339 0.4834930836020293 0.7229695909252641 0.4834930836020293 0.7229695909252641 0.5495207491939124 0.6989595307100339 0.5495207491939124
9 0.730972944330341 0.4824926644263947 0.7523152200772123 0.4824926644263947 0.7523152200772123 0.5515215875451815 0.730972944330341 0.5515215875451815
9 0.75765078901393 0.4804918260751256 0.7816608492291602 0.4804918260751256 0.7816608492291602 0.5485203300182777 0.75765078901393 0.5485203300182777
9 0.7909980948684162 0.4824926644263947 0.8083386939127492 0.4824926644263947 0.8083386939127492 0.5495207491939124 0.7909980948684162 0.5495207491939124
9 0.8190098317861848 0.4644851192649721 0.8363504308305177 0.4644851192649721 0.8363504308305177 0.5475199108426432 0.8190098317861848 0.5475199108426432
9 0.8443537842355943 0.4634847000893375 0.8630282755141067 0.4634847000893375 0.8630282755141067 0.5485203300182777 0.8443537842355943 0.5485203300182777
60 0.5762414451655242 0.1253430187248459 0.6229276733618051 0.1253430187248459 0.6229276733618051 0.2353891280446509 0.5762414451655242 0.2353891280446509
60 0.6309310267668817 0.1273438570761151 0.6722816860264449 0.1273438570761151 0.6722816860264449 0.2343887088690163 0.6309310267668817 0.2343887088690163
60 0.5322230014376022 0.1473522405888069 0.5695719839946269 0.1473522405888069 0.5695719839946269 0.23939080474718924 0.5322230014376022 0.23939080474718924
60 0.5068790489881926 0.14435098306190314 0.5348907859059611 0.14435098306190314 0.5348907859059611 0.23238787051774706 0.5068790489881926 0.23238787051774706
28 0.19208048172184142 0.10604443261726659 0.24810395555737852 0.10604443261726659 0.24810395555737852 0.2250943145177829 0.19208048172184142 0.2250943145177829
28 0.14672814575973997 0.10804527096853579 0.1974160506585592 0.10804527096853579 0.1974160506585592 0.22809557204468667 0.14672814575973997 0.22809557204468667
28 0.10937916320271522 0.09904149838782446 0.1533976069306372 0.09904149838782446 0.1533976069306372 0.22809557204468667 0.10937916320271522 0.22809557204468667
28 0.0666946117089727 0.13105491200813138 0.10804527096853579 0.13105491200813138 0.10804527096853579 0.22009221863960993 0.0666946117089727 0.22009221863960993
28 0.02801173691776854 0.127053235305593 0.0693623961773316 0.127053235305593 0.0693623961773316 0.2230934761665137 0.02801173691776854 0.2230934761665137
119 0.25210563225991683 0.1370574270619389 0.28545293811440314 0.1370574270619389 0.28545293811440314 0.2220930569908791 0.25210563225991683 0.2220930569908791
133 0.30946299832963337 0.10604443261726659 0.3588170109942732 0.10604443261726659 0.3588170109942732 0.22809557204468667 0.30946299832963337 0.22809557204468667
133 0.3601509032284526 0.10504401344163203 0.3854948556778623 0.10504401344163203 0.3854948556778623 0.22909599122032123 0.3601509032284526 0.22909599122032123
133 0.3974998857854774 0.1280536544812276 0.42684551493742534 0.1280536544812276 0.42684551493742534 0.23009641039595582 0.3974998857854774 0.23009641039595582
133 0.4508555751526555 0.13305575035940054 0.48153509653878285 0.13305575035940054 0.48153509653878285 0.23309766792285963 0.4508555751526555 0.23309766792285963
133 0.42817940717160474 0.13505658871066972 0.44685389845011714 0.13505658871066972 0.44685389845011714 0.22609473369341748 0.42817940717160474 0.22609473369341748
120 0.5575669538870118 0.7032946804711172 0.6135904277225489 0.7032946804711172 0.6135904277225489 0.7233030639838091 0.5575669538870118 0.7233030639838091
120 0.6162582121909078 0.6872879736609637 0.6496055180453941 0.6872879736609637 0.6496055180453941 0.723303063983809 0.6162582121909078 0.723303063983809
120 0.5242196480325255 0.6462707874599455 0.5775753373997036 0.6462707874599455 0.5775753373997036 0.6642783326213682 0.5242196480325255 0.6642783326213682
120 0.4802012043046034 0.6412686915817726 0.5228857557983461 0.6412686915817726 0.5228857557983461 0.6662791709726373 0.4802012043046034 0.6662791709726373
8 0.652273302513753 0.696291746241675 0.6936239617733161 0.696291746241675 0.6936239617733161 0.720301806456905 0.652273302513753 0.720301806456905
121 0.7843286336975192 0.6442699491086763 0.8336826463621589 0.6442699491086763 0.8336826463621589 0.6662791709726373 0.7843286336975192 0.6662791709726373
121 0.7549830045455711 0.6112561163127349 0.8150081550836464 0.6112561163127349 0.8150081550836464 0.6322649190010613 0.7549830045455711 0.6322649190010613
121 0.8176759395520053 0.6872879736609637 0.8696977366850042 0.6872879736609637 0.8696977366850042 0.7082967763492901 0.8176759395520053 0.7082967763492901
59 0.3174663517347101 0.7082967763492901 0.38416096344368283 0.7082967763492901 0.38416096344368283 0.74531228584777 0.3174663517347101 0.74531228584777
59 0.3228019206714279 0.6822858777827908 0.37348982557024724 0.6822858777827908 0.37348982557024724 0.7052955188223864 0.3228019206714279 0.7052955188223864
84 0.25920994229915667 0.7230359520639148 0.3106968486462494 0.7230359520639148 0.3106968486462494 0.7536617842876165 0.25920994229915667 0.7536617842876165
39 0.1970705725699068 0.7256990679094542 0.25388371060807813 0.7256990679094542 0.25388371060807813 0.7576564580559255 0.1970705725699068 0.7576564580559255
39 0.1935197514425211 0.6857523302263648 0.2574345317354638 0.6857523302263648 0.2574345317354638 0.7270306258322237 0.1935197514425211 0.7270306258322237
39 0.1881935197514425 0.644474034620506 0.2467820683533067 0.644474034620506 0.2467820683533067 0.6724367509986683 0.1881935197514425 0.6724367509986683
39 0.1810918774966711 0.6125166444740346 0.23612960497114957 0.6125166444740346 0.23612960497114957 0.6378162450066578 0.1810918774966711 0.6378162450066578
97 0.43497558810474923 0.6617842876165113 0.4882379050155348 0.6617842876165113 0.4882379050155348 0.6990679094540613 0.43497558810474923 0.6990679094540613
67 0.4367509986684421 0.7057256990679095 0.5077674212161563 0.7057256990679095 0.5077674212161563 0.7323568575233023 0.4367509986684421 0.7323568575233023
98 0.6941855304039061 0.6764314247669774 0.7332445628051487 0.6764314247669774 0.7332445628051487 0.7217043941411452 0.6941855304039061 0.7217043941411452
77 0.7367953839325344 0.6804260985352861 0.7616511318242344 0.6804260985352861 0.7616511318242344 0.715046604527297 0.7367953839325344 0.715046604527297
77 0.7225920994229916 0.6351531291611185 0.7687527740790059 0.6351531291611185 0.7687527740790059 0.6617842876165113 0.7225920994229916 0.6617842876165113
110 0.6835330670217488 0.748335552596538 0.7367953839325344 0.748335552596538 0.7367953839325344 0.7723035952063915 0.6835330670217488 0.7723035952063915
110 0.6941855304039061 0.7762982689747004 0.7421216156236131 0.7762982689747004 0.7421216156236131 0.7936085219707057 0.6941855304039061 0.7936085219707057
110 0.6870838881491345 0.8069241011984021 0.7474478473146915 0.8069241011984021 0.7474478473146915 0.8282290279627164 0.6870838881491345 0.8282290279627164
98 0.7634265423879271 0.7736351531291611 0.8450954283177984 0.7736351531291611 0.8450954283177984 0.8149134487350199 0.7634265423879271 0.8149134487350199
98 0.7438970261873058 0.7390146471371505 0.8078118064802485 0.7390146471371505 0.8078118064802485 0.766977363515313 0.7438970261873058 0.766977363515313
79 0.4527296937416778 0.829560585885486 0.5042166000887706 0.829560585885486 0.5042166000887706 0.8535286284953395 0.4527296937416778 0.8535286284953395
79 0.4474034620505993 0.8149134487350199 0.5219707057256991 0.8149134487350199 0.5219707057256991 0.8535286284953395 0.4474034620505993 0.8535286284953395
100 0.5610297381269419 0.8229027962716379 0.6267199289835775 0.8229027962716379 0.6267199289835775 0.8495339547270306 0.5610297381269419 0.8495339547270306
100 0.5397248113626276 0.7762982689747004 0.6160674656014203 0.7762982689747004 0.6160674656014203 0.8122503328894808 0.5397248113626276 0.8122503328894808
79 0.4420772303595206 0.7749667110519307 0.48113626276076343 0.7749667110519307 0.48113626276076343 0.8095872170439413 0.4420772303595206 0.8095872170439413
79 0.48468708388814913 0.7563249001331558 0.5272969374167776 0.7563249001331558 0.5272969374167776 0.7856191744340879 0.48468708388814913 0.7856191744340879
