75 0.40031152647975077 0.1647196261682243 0.5389408099688473 0.1647196261682243 0.5389408099688473 0.2885514018691589 0.40031152647975077 0.2885514018691589
75 0.27414330218068533 0.19976635514018692 0.3925233644859813 0.19976635514018692 0.3925233644859813 0.30957943925233644 0.27414330218068533 0.30957943925233644
75 0.5778816199376946 0.3130840696672376 0.6853582554517134 0.3130840696672376 0.6853582554517134 0.3714952846205086 0.5778816199376946 0.3714952846205086
75 0.587227414330218 0.370327017839148 0.6915887850467288 0.370327017839148 0.6915887850467288 0.41705598980176484 0.587227414330218 0.41705598980176484
75 0.543613707165109 0.4287383177570094 0.6464174454828661 0.4287383177570094 0.6464174454828661 0.4778037383177571 0.543613707165109 0.4778037383177571
75 0.7024922118380063 0.3492990654205607 0.8333333333333335 0.3492990654205607 0.8333333333333335 0.41939252336448596 0.7024922118380063 0.41939252336448596
75 0.4937694704049844 0.3317757009345794 0.5903426791277259 0.3317757009345794 0.5903426791277259 0.3971962616822429 0.4937694704049844 0.3971962616822429
75 0.49688473520249216 0.3971962616822429 0.5841121495327103 0.3971962616822429 0.5841121495327103 0.42990654205607476 0.49688473520249216 0.42990654205607476
75 0.3613707165109033 0.33060747663551404 0.47196261682242985 0.33060747663551404 0.47196261682242985 0.3820093457943925 0.3613707165109033 0.3820093457943925
75 0.3582554517133956 0.3855140186915888 0.47819314641744554 0.3855140186915888 0.47819314641744554 0.44275700934579443 0.3582554517133956 0.44275700934579443
75 0.2585669781931464 0.4100467289719626 0.32554517133956384 0.4100467289719626 0.32554517133956384 0.4485981308411215 0.2585669781931464 0.4485981308411215
75 0.3130841121495327 0.38901869158878505 0.38317757009345793 0.38901869158878505 0.38317757009345793 0.45210280373831774 0.3130841121495327 0.45210280373831774
75 0.2601246105919003 0.45093457943925236 0.3722741433021807 0.45093457943925236 0.3722741433021807 0.49766355140186913 0.2601246105919003 0.49766355140186913
75 0.17601246105919002 0.441588785046729 0.26012461059190023 0.441588785046729 0.26012461059190023 0.49065420560747663 0.17601246105919002 0.49065420560747663
75 0.09813084112149532 0.45327102803738323 0.1791277258566978 0.45327102803738323 0.1791277258566978 0.48364485981308414 0.09813084112149532 0.48364485981308414
75 0.009345794392523364 0.3808411214953271 0.11214953271028034 0.3808411214953271 0.11214953271028034 0.4264018691588785 0.009345794392523364 0.4264018691588785
75 0.020249221183800622 0.43224299065420557 0.13707165109034267 0.43224299065420557 0.13707165109034267 0.47897196261682246 0.020249221183800622 0.47897196261682246
129 0.058511836987067654 0.5438935414834926 0.12645333239144466 0.5438935414834926 0.12645333239144466 0.5966481143857147 0.058511836987067654 0.5966481143857147
129 0.04892009645939089 0.6038419197814722 0.12485470897016522 0.6038419197814722 0.12485470897016522 0.6500021710709167 0.04892009645939089 0.6500021710709167
129 0.12965057923400358 0.5618780549728865 0.17441203502982847 0.5618780549728865 0.17441203502982847 0.6458057845900581 0.12965057923400358 0.6458057845900581
129 0.17840859358302708 0.5504878630962704 0.22956454306396976 0.5504878630962704 0.22956454306396976 0.6529995899858156 0.17840859358302708 0.6529995899858156
129 0.22876523135333005 0.5468909603983916 0.28791429794067 0.5468909603983916 0.28791429794067 0.6583949440326338 0.22876523135333005 0.6583949440326338
69 0.3438661176854511 0.5690718095016631 0.4229979770387842 0.5690718095016631 0.4229979770387842 0.6224258661868651 0.3438661176854511 0.6224258661868651
69 0.4245966004600638 0.5792630846793007 0.5061263949453162 0.5792630846793007 0.5061263949453162 0.6302192062325833 0.4245966004600638 0.6302192062325833
69 0.3454647411067306 0.6236248846198056 0.4142055482217473 0.6236248846198056 0.4142055482217473 0.6697851359092499 0.3454647411067306 0.6697851359092499
69 0.42139935361750486 0.6284207548836439 0.5013305246814778 0.6284207548836439 0.5013305246814778 0.6781779088709672 0.42139935361750486 0.6781779088709672
69 0.2911115447832289 0.6092372738282904 0.33907024742161274 0.6092372738282904 0.33907024742161274 0.6715835872581895 0.2911115447832289 0.6715835872581895
69 0.3782365212429595 0.5277074793430381 0.4301917824345418 0.5277074793430381 0.4301917824345418 0.572069279283543 0.3782365212429595 0.572069279283543
35 0.5173167588942723 0.6182295305729874 0.580462384034811 0.6182295305729874 0.580462384034811 0.6829737791348055 0.5173167588942723 0.6829737791348055
35 0.6172307227242385 0.634415592713442 0.6875701532605348 0.634415592713442 0.6875701532605348 0.6649892656454116 0.6172307227242385 0.6649892656454116
35 0.6324176452263934 0.5546842495771289 0.6915667118137332 0.5546842495771289 0.6915667118137332 0.5888548252069774 0.6324176452263934 0.5888548252069774
35 0.6420093857540702 0.5205136739472805 0.6979612054988511 0.5205136739472805 0.6979612054988511 0.5492888955303107 0.6420093857540702 0.5492888955303107
35 0.7051550108946089 0.5223121252962198 0.7611068306393899 0.5223121252962198 0.7611068306393899 0.5642759901048057 0.7051550108946089 0.5642759901048057
35 0.6979612054988512 0.5684723765856643 0.7483178432691543 0.5684723765856643 0.7483178432691543 0.6176300467900077 0.6979612054988512 0.6176300467900077
35 0.6252238398306358 0.590053792772937 0.6827742829966962 0.590053792772937 0.6827742829966962 0.6326171413645024 0.6252238398306358 0.6326171413645024
35 0.689968088392454 0.6218264332708663 0.7411240378733966 0.6218264332708663 0.7411240378733966 0.6685861683432904 0.689968088392454 0.6685861683432904
31 0.784286870247942 0.5972475981686945 0.828249014333127 0.5972475981686945 0.828249014333127 0.6985603574922801 0.784286870247942 0.6985603574922801
31 0.7395254144521172 0.5876558576410178 0.7794909999841035 0.5876558576410178 0.7794909999841035 0.6877696493986438 0.7395254144521172 0.6877696493986438
58 0.4158041716430267 0.7387257709519267 0.4989325895495586 0.7387257709519267 0.4989325895495586 0.7956767303350074 0.4158041716430267 0.7956767303350074
58 0.17281341160854902 0.7099505493688965 0.24155421872356572 0.7099505493688965 0.24155421872356572 0.7974751816839468 0.17281341160854902 0.7974751816839468
58 0.5085243300772353 0.7243381601604115 0.5868568777199287 0.7243381601604115 0.5868568777199287 0.7782917006285932 0.5085243300772353 0.7782917006285932
58 0.5884555011412083 0.7321314493391489 0.6803763478647772 0.7321314493391489 0.6803763478647772 0.7974751816839467 0.5884555011412083 0.7974751816839467
58 0.5197146940261915 0.7830875708924316 0.5788859582959254 0.7830875708924316 0.5788859582959254 0.8148019241792839 0.5197146940261915 0.8148019241792839
58 0.4245966004600638 0.8016715681648052 0.5045499692064305 0.8016715681648052 0.5045499692064305 0.8154014079622636 0.4245966004600638 0.8154014079622636
95 0.12645333239144466 0.7003588088412197 0.17441203502982847 0.7003588088412197 0.17441203502982847 0.7824880871094517 0.12645333239144466 0.7824880871094517
95 0.07689600633178144 0.69915984127526 0.13204851436592277 0.69915984127526 0.13204851436592277 0.7740953141477347 0.07689600633178144 0.7740953141477347
76 0.4323237249337107 0.5255374896644639 0.5096970985236365 0.5255374896644639 0.5096970985236365 0.5712361384410138 0.4323237249337107 0.5712361384410138
76 0.2659709717153701 0.7047052078836359 0.3346398407764293 0.7047052078836359 0.3346398407764293 0.7496784812827805 0.2659709717153701 0.7496784812827805
76 0.24952912982751088 0.7511292320375914 0.32496816907768855 0.7511292320375914 0.32496816907768855 0.8055323853430081 0.24952912982751088 0.8055323853430081
76 0.6973275294792067 0.7366217244894806 0.8027487509954806 0.7366217244894806 0.8027487509954806 0.8113353883622526 0.6973275294792067 0.8113353883622526
76 0.6934588607997104 0.810610012984847 0.796972607171933 0.810610012984847 0.796972607171933 0.8642172633874547 0.6934588607997104 0.8642172633874547
58 0.594807809472555 0.8033562592107912 0.6731483502323549 0.8033562592107912 0.6731483502323549 0.8505056587421524 0.594807809472555 0.8505056587421524
95 0.33947567662579964 0.711233586280286 0.41781621738559954 0.711233586280286 0.41781621738559954 0.7707143672275414 0.33947567662579964 0.7707143672275414
95 0.33947567662579964 0.7750666194919748 0.4274878890843403 0.7750666194919748 0.4274878890843403 0.8272936466651747 0.33947567662579964 0.8272936466651747
106 0.9013998023226361 0.5944481505179916 0.9478238264765916 0.5944481505179916 0.9478238264765916 0.7134097124125026 0.9013998023226361 0.7134097124125026
107 0.9487909936464657 0.5893705228761528 0.9874776804414287 0.5893705228761528 0.9874776804414287 0.712684337035097 0.9487909936464657 0.712684337035097
9 0.8433697721301918 0.5821167691020972 0.8965639664732657 0.5821167691020972 0.8965639664732657 0.7054305832610416 0.8433697721301918 0.7054305832610416
9 0.9275133159092362 0.7765173702467859 0.9787731759125619 0.7765173702467859 0.9787731759125619 0.8621116647806413 0.9275133159092362 0.8621116647806413
