26 0.2900116822429907 0.1261682242990654 0.4135514018691589 0.1261682242990654 0.4135514018691589 0.3235981308411215 0.2900116822429907 0.3235981308411215
26 0.2462032710280374 0.3212616822429906 0.36360981308411217 0.3212616822429906 0.36360981308411217 0.41004672897196254 0.2462032710280374 0.41004672897196254
26 0.12003504672897197 0.2885514018691589 0.24182242990654207 0.2885514018691589 0.24182242990654207 0.4077102803738318 0.12003504672897197 0.4077102803738318
26 0.022780373831775703 0.2908878504672897 0.1270443925233645 0.2908878504672897 0.1270443925233645 0.3983644859813084 0.022780373831775703 0.3983644859813084
26 0.1366822429906542 0.14018691588785046 0.25233644859813087 0.14018691588785046 0.25233644859813087 0.2570093457943925 0.1366822429906542 0.2570093457943925
26 0.2435747663551402 0.10280373831775698 0.29614485981308414 0.10280373831775698 0.29614485981308414 0.17873831775700935 0.2435747663551402 0.17873831775700935
26 0.254964953271028 0.18691588785046728 0.29526869158878505 0.18691588785046728 0.29526869158878505 0.2616822429906542 0.254964953271028 0.2616822429906542
158 0.4310747663551402 0.12032710280373832 0.6001752336448598 0.12032710280373832 0.6001752336448598 0.32593457943925236 0.4310747663551402 0.32593457943925236
158 0.4389602803738317 0.33411214953271023 0.5870327102803738 0.33411214953271023 0.5870327102803738 0.4485981308411215 0.4389602803738317 0.4485981308411215
158 0.6247079439252337 0.1261682242990654 0.7675233644859812 0.1261682242990654 0.7675233644859812 0.26869158878504673 0.6247079439252337 0.26869158878504673
158 0.602803738317757 0.26635514018691586 0.7377336448598132 0.26635514018691586 0.7377336448598132 0.433411214953271 0.602803738317757 0.433411214953271
158 0.8043224299065421 0.17406542056074767 0.9401285046728972 0.17406542056074767 0.9401285046728972 0.33411214953271023 0.8043224299065421 0.33411214953271023
158 0.7587616822429907 0.3317757009345794 0.9155957943925235 0.3317757009345794 0.9155957943925235 0.4906542056074766 0.7587616822429907 0.4906542056074766
134 0.7876752336448599 0.5876168224299065 0.8805490654205607 0.5876168224299065 0.8805490654205607 0.7803738317757009 0.7876752336448599 0.7803738317757009
134 0.9042056074766356 0.6074766355140186 0.9953271028037384 0.6074766355140186 0.9953271028037384 0.8095794392523364 0.9042056074766356 0.8095794392523364
154 0.31629672897196265 0.5432242990654206 0.41880841121495327 0.5432242990654206 0.41880841121495327 0.7009345794392523 0.31629672897196265 0.7009345794392523
108 0.5011976047904192 0.5544910179640719 0.5883233532934132 0.5544910179640719 0.5883233532934132 0.7461077844311378 0.5011976047904192 0.7461077844311378
