15 0.39252336448598135 0.23247663551401873 0.5335864485981309 0.23247663551401873 0.5335864485981309 0.4077102803738318 0.39252336448598135 0.4077102803738318
75 0.1918808411214953 0.22897196261682243 0.3127920560747664 0.22897196261682243 0.3127920560747664 0.38551401869158886 0.1918808411214953 0.38551401869158886
75 0.07272196261682244 0.2488317757009346 0.19275700934579443 0.2488317757009346 0.19275700934579443 0.4053738317757009 0.07272196261682244 0.4053738317757009
75 0.2768691588785047 0.12032710280373832 0.3986565420560748 0.12032710280373832 0.3986565420560748 0.35630841121495327 0.2768691588785047 0.35630841121495327
26 0.5686331775700935 0.20210280373831777 0.6904205607476634 0.20210280373831777 0.6904205607476634 0.4205607476635514 0.5686331775700935 0.4205607476635514
26 0.7070677570093459 0.23130841121495327 0.8481308411214954 0.23130841121495327 0.8481308411214954 0.42406542056074764 0.7070677570093459 0.42406542056074764
26 0.8752920560747665 0.24299065420560748 1.0 0.24299065420560748 1.0 0.4053738317757009 0.8752920560747665 0.4053738317757009
26 0.870035046728972 0.015186915887850467 0.9970794392523364 0.015186915887850467 0.9970794392523364 0.16355140186915887 0.870035046728972 0.16355140186915887
26 0.8349883177570095 0.16705607476635512 0.9883177570093459 0.16705607476635512 0.9883177570093459 0.2336448598130841 0.8349883177570095 0.2336448598130841
26 0.6799065420560748 0.07476635514018691 0.8376168224299065 0.07476635514018691 0.8376168224299065 0.20677570093457945 0.6799065420560748 0.20677570093457945
26 0.387266355140187 0.008177570093457943 0.5441004672897196 0.008177570093457943 0.5441004672897196 0.1343457943925234 0.387266355140187 0.1343457943925234
10 0.12529205607476637 0.522196261682243 0.2978971962616822 0.522196261682243 0.2978971962616822 0.7067757009345795 0.12529205607476637 0.7067757009345795
10 0.30841121495327106 0.5455607476635514 0.43720794392523366 0.5455607476635514 0.43720794392523366 0.6974299065420558 0.30841121495327106 0.6974299065420558
33 0.44596962616822433 0.5385514018691588 0.5327102803738318 0.5385514018691588 0.5327102803738318 0.727803738317757 0.44596962616822433 0.727803738317757
33 0.5388434579439253 0.5455607476635514 0.6474883177570094 0.5455607476635514 0.6474883177570094 0.7675233644859812 0.5388434579439253 0.7675233644859812
98 0.7789135514018694 0.5467288161942014 0.8779205607476638 0.5467288161942014 0.8779205607476638 0.7710278816147622 0.7789135514018694 0.7710278816147622
