72 0.5623052959501558 0.10397196261682243 0.6433021806853584 0.10397196261682243 0.6433021806853584 0.25 0.5623052959501558 0.25
72 0.6433021806853583 0.10981308411214954 0.7133956386292833 0.10981308411214954 0.7133956386292833 0.2511682242990655 0.6433021806853583 0.2511682242990655
124 0.7834890965732088 0.015186915887850466 0.9112149532710281 0.015186915887850466 0.9112149532710281 0.12850467289719625 0.7834890965732088 0.12850467289719625
124 0.7834890965732088 0.1378504672897196 0.8925233644859812 0.1378504672897196 0.8925233644859812 0.25350467289719625 0.7834890965732088 0.25350467289719625
72 0.9158878504672897 0.11214953271028036 0.9844236760124611 0.11214953271028036 0.9844236760124611 0.25700934579439244 0.9158878504672897 0.25700934579439244
72 0.6806853582554517 0.35397196261682246 0.7476635514018691 0.35397196261682246 0.7476635514018691 0.41355140186915895 0.6806853582554517 0.41355140186915895
72 0.6822429906542056 0.2885514018691589 0.7679127725856697 0.2885514018691589 0.7679127725856697 0.35046728971962615 0.6822429906542056 0.35046728971962615
72 0.3660436137071651 0.3341121495327103 0.4345794392523364 0.3341121495327103 0.4345794392523364 0.4123831775700936 0.3660436137071651 0.4123831775700936
31 0.012872995031023914 0.3039688207859691 0.05921577714271001 0.3039688207859691 0.05921577714271001 0.4005162835186485 0.012872995031023914 0.4005162835186485
31 0.06050307664581242 0.30976166854992987 0.09011096521716741 0.30976166854992987 0.09011096521716741 0.4005162835186485 0.06050307664581242 0.4005162835186485
31 0.09654746273267938 0.31555451631389064 0.13001724981334156 0.31555451631389064 0.13001724981334156 0.4043781820279556 0.09654746273267938 0.4043781820279556
31 0.13516644782575113 0.3290711610964657 0.1699235344095157 0.3290711610964657 0.1699235344095157 0.407274605909936 0.13516644782575113 0.407274605909936
124 0.29994078422285725 0.35900087454359636 0.3475708658376457 0.35900087454359636 0.3475708658376457 0.4082400805372629 0.29994078422285725 0.4082400805372629
11 0.2342885095646353 0.35996634917092313 0.2999407842228573 0.35996634917092313 0.2999407842228573 0.4082400805372629 0.2342885095646353 0.4082400805372629
11 0.8393192760227594 0.30300334615864233 0.9139826472026981 0.30300334615864233 0.9139826472026981 0.41692935218320404 0.8393192760227594 0.41692935218320404
11 0.924281043227517 0.3068652446679495 0.973198424345408 0.3068652446679495 0.973198424345408 0.3618972984255768 0.924281043227517 0.3618972984255768
11 0.9165572462089028 0.36286277305290354 0.9847841198733297 0.36286277305290354 0.9847841198733297 0.4207912506925112 0.9165572462089028 0.4207912506925112
11 0.486599212172704 0.49513279699667423 0.5522514868309261 0.49513279699667423 0.5522514868309261 0.5868528865927196 0.486599212172704 0.5868528865927196
11 0.4196596380113797 0.5250625104438048 0.4775881156509873 0.5250625104438048 0.4775881156509873 0.5907147851020269 0.4196596380113797 0.5907147851020269
11 0.4183723385082773 0.45168643876696857 0.4840246131664994 0.45168643876696857 0.4840246131664994 0.5192696626798441 0.4183723385082773 0.5192696626798441
11 0.22656471254602092 0.4748578298228116 0.2690455961483999 0.4748578298228116 0.2690455961483999 0.5221660865618245 0.22656471254602092 0.5221660865618245
11 0.1995314229808707 0.5279589343257852 0.24458690558945442 0.5279589343257852 0.24458690558945442 0.5878183612200465 0.1995314229808707 0.5878183612200465
11 0.13774104683195593 0.5318208328350924 0.2021060219870755 0.5318208328350924 0.2021060219870755 0.5907147851020268 0.13774104683195593 0.5907147851020268
11 0.15190134136608222 0.49802922087865464 0.20210602198707547 0.49802922087865464 0.20210602198707547 0.5260279850711317 0.15190134136608222 0.5260279850711317
11 0.0463427821116861 0.5395446298537068 0.12229345279472721 0.5395446298537068 0.12229345279472721 0.5926457343566804 0.0463427821116861 0.5926457343566804
147 0.3256867742849051 0.6698837045428239 0.3591565613655673 0.6698837045428239 0.3591565613655673 0.7509835732382746 0.3256867742849051 0.7509835732382746
147 0.3694549573903864 0.6602289582695561 0.4145104399989702 0.6602289582695561 0.4145104399989702 0.7471216747289675 0.3694549573903864 0.7471216747289675
147 0.42094693751448203 0.6496087373689613 0.4904611106820112 0.6496087373689613 0.4904611106820112 0.7587073702568891 0.42094693751448203 0.7587073702568891
46 0.4956103086944207 0.6476777881143078 0.5496768878247212 0.6476777881143078 0.5496768878247212 0.750018098610948 0.4956103086944207 0.750018098610948
46 0.5483895883216189 0.6409194657230202 0.5960196699364073 0.6409194657230202 0.5960196699364073 0.7548454717475818 0.5483895883216189 0.7548454717475818
14 0.03861898509307175 0.806015626995902 0.09787051182525393 0.806015626995902 0.09787051182525393 0.9130894384928642 0.03861898509307175 0.9130894384928642
14 0.09397286372647459 0.8040846777412483 0.1531886408691846 0.8040846777412483 0.1531886408691846 0.908355937492542 0.09397286372647459 0.908355937492542
14 0.1557632398753894 0.8002227792319413 0.20085447207344523 0.8002227792319413 0.20085447207344523 0.9208132355114784 0.1557632398753894 0.9208132355114784
46 0.7221750212404418 0.6814694000707455 0.7698051028552302 0.6814694000707455 0.7698051028552302 0.753879997120255 0.7221750212404418 0.753879997120255
92 0.09011096521716741 0.6457468388596542 0.15576323987538937 0.6457468388596542 0.15576323987538937 0.7567764210022354 0.09011096521716741 0.7567764210022354
38 0.3462835663345434 0.8089120508778823 0.3861898509307175 0.8089120508778823 0.3861898509307175 0.9064249882378885 0.3462835663345434 0.9064249882378885
