122 0.03504043126684636 0.41868823000898475 0.11455525606469003 0.41868823000898475 0.11455525606469003 0.573225516621743 0.03504043126684636 0.573225516621743
11 0.169811320754717 0.4115004492362983 0.23450134770889489 0.4115004492362983 0.23450134770889489 0.5013477088948787 0.169811320754717 0.5013477088948787
11 0.1657681940700809 0.5013477088948787 0.23180592991913745 0.5013477088948787 0.23180592991913745 0.5804132973944295 0.1657681940700809 0.5804132973944295
11 0.24797843665768193 0.42946990116801437 0.30727762803234504 0.42946990116801437 0.30727762803234504 0.5067385444743935 0.24797843665768193 0.5067385444743935
11 0.18598382749326145 0.3414195867026056 0.24393530997304586 0.3414195867026056 0.24393530997304586 0.4115004492362983 0.18598382749326145 0.4115004492362983
11 0.238544474393531 0.5013477088948787 0.31266846361185985 0.5013477088948787 0.31266846361185985 0.5840071877807725 0.238544474393531 0.5840071877807725
11 0.4474393530997305 0.4600179694519318 0.5 0.4600179694519318 0.5 0.5786163522012578 0.4474393530997305 0.5786163522012578
11 0.5592991913746631 0.4420485175202156 0.6064690026954178 0.4420485175202156 0.6064690026954178 0.5175202156334232 0.5592991913746631 0.5175202156334232
11 0.5619946091644205 0.5247079964061097 0.6145552560646901 0.5247079964061097 0.6145552560646901 0.5804132973944295 0.5619946091644205 0.5804132973944295
73 0.26019690576652604 0.34880450070323493 0.37130801687763715 0.34880450070323493 0.37130801687763715 0.4181903422409752 0.26019690576652604 0.4181903422409752
73 0.3080168776371308 0.4219409282700422 0.3755274261603375 0.4219409282700422 0.3755274261603375 0.5719643694327239 0.3080168776371308 0.5719643694327239
73 0.38255977496483823 0.4256915142991093 0.43741209563994377 0.4256915142991093 0.43741209563994377 0.5719643694327239 0.38255977496483823 0.5719643694327239
73 0.3881856540084388 0.36005625879043607 0.4360056258790436 0.36005625879043607 0.4360056258790436 0.4294421003281763 0.3881856540084388 0.4294421003281763
124 0.6657681940700809 0.472596585804133 0.7493261455525607 0.472596585804133 0.7493261455525607 0.5893980233602875 0.6657681940700809 0.5893980233602875
124 0.6132075471698113 0.48517520215633425 0.6590296495956873 0.48517520215633425 0.6590296495956873 0.5929919137466307 0.6132075471698113 0.5929919137466307
73 0.6047819971870605 0.40881387716830747 0.6582278481012658 0.40881387716830747 0.6582278481012658 0.48007501172058137 0.6047819971870605 0.48007501172058137
11 0.5970350404312669 0.3450134770889488 0.6509433962264152 0.3450134770889488 0.6509433962264152 0.40970350404312667 0.5970350404312669 0.40970350404312667
152 0.5053908355795148 0.4348607367475292 0.5606469002695418 0.4348607367475292 0.5606469002695418 0.5085354896675651 0.5053908355795148 0.5085354896675651
152 0.5067385444743935 0.5175202156334232 0.5579514824797843 0.5175202156334232 0.5579514824797843 0.5840071877807725 0.5067385444743935 0.5840071877807725
