25 0.00963785046728972 0.2231308411214953 0.17961448598130839 0.2231308411214953 0.17961448598130839 0.5105140186915887 0.00963785046728972 0.5105140186915887
25 0.1647196261682243 0.20210280373831777 0.30841121495327106 0.20210280373831777 0.30841121495327106 0.49182242990654207 0.1647196261682243 0.49182242990654207
25 0.2917640186915888 0.18341121495327106 0.4074182242990654 0.18341121495327106 0.4074182242990654 0.5116822429906542 0.2917640186915888 0.5116822429906542
25 0.4161799065420561 0.21144859813084113 0.5274532710280374 0.21144859813084113 0.5274532710280374 0.5105140186915887 0.4161799065420561 0.5105140186915887
15 0.5388434579439253 0.24182242990654204 0.6466121495327103 0.24182242990654204 0.6466121495327103 0.5175233644859814 0.5388434579439253 0.5175233644859814
36 0.6676401869158879 0.2231308411214953 0.9401285046728973 0.2231308411214953 0.9401285046728973 0.5105140186915887 0.6676401869158879 0.5105140186915887
109 0.1535928143712575 0.6443113772455091 0.2452095808383234 0.6443113772455091 0.2452095808383234 0.740119760479042 0.1535928143712575 0.740119760479042
109 0.26766467065868266 0.6443113772455091 0.39700598802395215 0.6443113772455091 0.39700598802395215 0.7760479041916168 0.26766467065868266 0.7760479041916168
109 0.4113772455089821 0.651497005988024 0.5362275449101797 0.651497005988024 0.5362275449101797 0.7999999999999999 0.4113772455089821 0.7999999999999999
12 0.549357476635514 0.647196261682243 0.6737733644859814 0.647196261682243 0.6737733644859814 0.7897196261682243 0.549357476635514 0.7897196261682243
