158 0.03679906542056075 0.004672897196261682 0.1927570093457944 0.004672897196261682 0.1927570093457944 0.1623831775700935 0.03679906542056075 0.1623831775700935
158 0.016647196261682245 0.16822429906542055 0.20151869158878502 0.16822429906542055 0.20151869158878502 0.338785046728972 0.016647196261682245 0.338785046728972
110 0.508177570093458 0.24415887850467297 0.5660046728971962 0.24415887850467297 0.5660046728971962 0.4077102803738318 0.508177570093458 0.4077102803738318
110 0.6089369158878505 0.2570093457943925 0.6632593457943926 0.2570093457943925 0.6632593457943926 0.40420560747663553 0.6089369158878505 0.40420560747663553
79 0.7797897196261683 0.2570093457943925 0.8279789719626169 0.2570093457943925 0.8279789719626169 0.39018691588785054 0.7797897196261683 0.39018691588785054
79 0.8490070093457944 0.22897196261682243 0.8980724299065421 0.22897196261682243 0.8980724299065421 0.3691588785046729 0.8490070093457944 0.3691588785046729
134 0.17610981308411217 0.4766355140186916 0.32943925233644866 0.4766355140186916 0.32943925233644866 0.6810747663551403 0.17610981308411217 0.6810747663551403
134 0.3425817757009347 0.48014018691588783 0.4871495327102804 0.48014018691588783 0.4871495327102804 0.6658878504672897 0.3425817757009347 0.6658878504672897
108 0.4871495327102804 0.45911214953271023 0.5966705607476636 0.45911214953271023 0.5966705607476636 0.6542056074766354 0.4871495327102804 0.6542056074766354
41 0.19889018691588783 0.14953271028037382 0.360105140186916 0.14953271028037382 0.360105140186916 0.3925233644859813 0.19889018691588783 0.3925233644859813
41 0.3662383177570094 0.19509345794392527 0.48452102803738323 0.19509345794392527 0.48452102803738323 0.40654205607476634 0.3662383177570094 0.40654205607476634
