11 0.49889036839769196 0.19973368841544606 0.619618286728806 0.19973368841544606 0.619618286728806 0.28894806924101196 0.49889036839769196 0.28894806924101196
11 0.5042166000887706 0.29427430093209056 0.6000887705281847 0.29427430093209056 0.6000887705281847 0.3621837549933422 0.5042166000887706 0.3621837549933422
11 0.6213936972924989 0.21837549933422104 0.7563249001331558 0.21837549933422104 0.7563249001331558 0.2929427430093209 0.6213936972924989 0.2929427430093209
11 0.6107412339103417 0.2956058588548602 0.7545494895694628 0.2956058588548602 0.7545494895694628 0.36617842876165113 0.6107412339103417 0.36617842876165113
11 0.7758544163337772 0.19840213049267644 0.86462494451842 0.19840213049267644 0.86462494451842 0.36617842876165113 0.7758544163337772 0.36617842876165113
74 0.8717265867731911 0.20772303595206393 1.0 0.20772303595206393 1.0 0.3848202396804261 0.8717265867731911 0.3848202396804261
144 0.584110075454949 0.4194407456724367 0.6586773191300488 0.4194407456724367 0.6586773191300488 0.507323568575233 0.584110075454949 0.507323568575233
144 0.669329782512206 0.4207723035952064 0.7456724367509987 0.4207723035952064 0.7456724367509987 0.5193075898801598 0.669329782512206 0.5193075898801598
124 0.7492232578783845 0.43541944074567246 0.8113626276076343 0.43541944074567246 0.8113626276076343 0.5246338215712384 0.7492232578783845 0.5246338215712384
11 0.48113626276076343 0.4007989347536618 0.584110075454949 0.4007989347536618 0.584110075454949 0.5059920106524634 0.48113626276076343 0.5059920106524634
122 0.2769640479360852 0.2197070572569907 0.4065690190856636 0.2197070572569907 0.4065690190856636 0.3715046604527297 0.2769640479360852 0.3715046604527297
11 0.4242040851336705 0.2784998042856872 0.4934752451696556 0.2784998042856872 0.4934752451696556 0.36546522802651626 0.4242040851336705 0.36546522802651626
11 0.4357825929064278 0.19423012858436398 0.491539288295129 0.19423012858436398 0.491539288295129 0.2723628662014255 0.4357825929064278 0.2723628662014255
141 0.48713744392233677 0.5474781395009379 0.5487632651414276 0.5474781395009379 0.5487632651414276 0.6817343928710999 0.48713744392233677 0.6817343928710999
79 0.6235946194788949 0.5573822893397204 0.7101642254771415 0.5573822893397204 0.7101642254771415 0.6949399259894765 0.6235946194788949 0.6949399259894765
79 0.7277716029683102 0.590396122135662 0.8026029573057777 0.590396122135662 0.8026029573057777 0.7312551420650124 0.7277716029683102 0.7312551420650124
