88 0.45560747663551404 0.0035046728971962616 0.6799065420560748 0.0035046728971962616 0.6799065420560748 0.272196261682243 0.45560747663551404 0.272196261682243
140 0.6650116822429907 0.7593457943925234 0.8113317757009346 0.7593457943925234 0.8113317757009346 0.8633177570093458 0.6650116822429907 0.8633177570093458
140 0.8218457943925234 0.7908878504672897 0.9813084112149534 0.7908878504672897 0.9813084112149534 0.8936915887850468 0.8218457943925234 0.8936915887850468
140 0.6711448598130842 0.8644859813084111 0.8200934579439254 0.8644859813084111 0.8200934579439254 0.9929906542056074 0.6711448598130842 0.9929906542056074
140 0.8235981308411214 0.899532710280374 0.9900944255222783 0.899532710280374 0.9900944255222783 1.0 0.8235981308411214 1.0
108 0.41407185628742516 0.8011976047904191 0.5838323353293413 0.8011976047904191 0.5838323353293413 0.9437125748502991 0.41407185628742516 0.9437125748502991
149 0.3022780373831776 0.7161214953271028 0.41705607476635514 0.7161214953271028 0.41705607476635514 0.9007009345794392 0.3022780373831776 0.9007009345794392
40 0.24970794392523366 0.7663551401869158 0.30578271028037385 0.7663551401869158 0.30578271028037385 0.8247663551401869 0.24970794392523366 0.8247663551401869
40 0.22342289719626168 0.8364485981308412 0.2970210280373832 0.8364485981308412 0.2970210280373832 0.899532710280374 0.22342289719626168 0.899532710280374
11 0.11653037383177571 0.774532710280374 0.17435747663551404 0.774532710280374 0.17435747663551404 0.8703271028037385 0.11653037383177571 0.8703271028037385
11 0.026285046728971966 0.6775700934579442 0.0683411214953271 0.6775700934579442 0.0683411214953271 0.7546728971962618 0.026285046728971966 0.7546728971962618
74 0.009880239520958085 0.9317365269461076 0.05119760479041917 0.9317365269461076 0.05119760479041917 0.9976047904191616 0.009880239520958085 0.9976047904191616
74 0.0017964071856287427 0.7497005988023954 0.061976047904191624 0.7497005988023954 0.061976047904191624 0.8311377245508981 0.0017964071856287427 0.8311377245508981
27 0.17610981308411217 0.8049065420560749 0.22429906542056077 0.8049065420560749 0.22429906542056077 0.8878504672897196 0.17610981308411217 0.8878504672897196
