70 0.18996893031513537 0.1677762982689747 0.30004438526409233 0.1677762982689747 0.30004438526409233 0.2889480692410119 0.18996893031513537 0.2889480692410119
70 0.16688859298712833 0.2862849533954727 0.29649356413670663 0.2862849533954727 0.29649356413670663 0.42210386151797596 0.16688859298712833 0.42210386151797596
70 0.2982689747003995 0.30492676431424764 0.4083444296493564 0.30492676431424764 0.4083444296493564 0.4274300932090546 0.2982689747003995 0.4274300932090546
80 0.4793608521970706 0.30758988015978694 0.546826453617399 0.30758988015978694 0.546826453617399 0.4300932090545938 0.4793608521970706 0.4300932090545938
80 0.5486018641810919 0.2596537949400799 0.6622281402574344 0.2596537949400799 0.6622281402574344 0.3462050599201065 0.5486018641810919 0.3462050599201065
80 0.5486018641810919 0.3501997336884155 0.6604527296937416 0.3501997336884155 0.6604527296937416 0.4287616511318243 0.5486018641810919 0.4287616511318243
80 0.8830595951220073 0.5233690736845217 0.9033721039686393 0.5233690736845217 0.9033721039686393 0.5578468847531473 0.8830595951220073 0.5578468847531473
94 0.18548527815214075 0.544216122237644 0.34584719009923653 0.544216122237644 0.34584719009923653 0.7350467974546879 0.18548527815214075 0.7350467974546879
94 0.35867614305500417 0.582702981104947 0.47199856083095176 0.582702981104947 0.47199856083095176 0.7318395592157462 0.35867614305500417 0.7318395592157462
139 0.734097170047583 0.8499248685199096 0.8499248685199096 0.8499248685199096 0.8499248685199096 1.0 0.734097170047583 1.0
137 0.6681084421101414 0.31395317610284895 0.8586287685692954 0.31395317610284895 0.8586287685692954 0.369950704487803 0.6681084421101414 0.369950704487803
137 0.6719703406194486 0.369950704487803 0.8560541695630907 0.369950704487803 0.8560541695630907 0.42787918212741066 0.6719703406194486 0.42787918212741066
93 0.4766199813139433 0.5380674576120651 0.6244998415876891 0.5380674576120651 0.6244998415876891 0.7247790797562549 0.4766199813139433 0.7247790797562549
93 0.6276914932482736 0.5380674576120651 0.7755713535220196 0.5380674576120651 0.7755713535220196 0.7319602959925701 0.6276914932482736 0.7319602959925701
