31 0.2689152233363719 0.31236706168337897 0.3336371923427529 0.31236706168337897 0.3336371923427529 0.5469462169553327 0.2689152233363719 0.5469462169553327
31 0.34001823154056515 0.25645700395016713 0.4129443938012762 0.25645700395016713 0.4129443938012762 0.5749012458219386 0.34001823154056515 0.5749012458219386
31 0.4184138559708296 0.25888787602552416 0.4840474020054694 0.25888787602552416 0.4840474020054694 0.568824065633546 0.4184138559708296 0.568824065633546
31 0.49134001823154067 0.2540261318748101 0.5478577939835917 0.2540261318748101 0.5478577939835917 0.5749012458219386 0.49134001823154067 0.5749012458219386
31 0.5524156791248861 0.27347310847766637 0.5797629899726526 0.27347310847766637 0.5797629899726526 0.554238833181404 0.5524156791248861 0.554238833181404
31 0.5861440291704649 0.3038590094196293 0.6226071103008204 0.3038590094196293 0.6226071103008204 0.536007292616226 0.5861440291704649 0.536007292616226
31 0.6253418413855971 0.32087511394712853 0.658158614402917 0.32087511394712853 0.658158614402917 0.531145548465512 0.6253418413855971 0.531145548465512
31 0.6709206927985414 0.31479793375873594 0.7155879671832269 0.31479793375873594 0.7155879671832269 0.5481616529930112 0.6709206927985414 0.5481616529930112
31 0.8040109389243391 0.35004557885141296 0.8650865998176845 0.35004557885141296 0.8650865998176845 0.554238833181404 0.8040109389243391 0.554238833181404
31 0.7201458523245214 0.31479793375873594 0.7566089334548769 0.31479793375873594 0.7566089334548769 0.5481616529930112 0.7201458523245214 0.5481616529930112
31 0.7657247037374658 0.3160133697964145 0.7994530537830447 0.3160133697964145 0.7994530537830447 0.5432999088422972 0.7657247037374658 0.5432999088422972
131 0.13035551504102097 0.3682771194165907 0.19598906107566086 0.3682771194165907 0.19598906107566086 0.5749012458219386 0.13035551504102097 0.5749012458219386
125 0.19788918205804748 0.32483142773380247 0.26121372031662277 0.32483142773380247 0.26121372031662277 0.5863383172090296 0.19788918205804748 0.5863383172090296
125 0.01759014951627089 0.2615068894752272 0.09498680738786279 0.2615068894752272 0.09498680738786279 0.5875109938434477 0.01759014951627089 0.5875109938434477
