142 0.0035508211273857075 0.31158455392809586 0.07101642254771416 0.31158455392809586 0.07101642254771416 0.40479360852197066 0.0035508211273857075 0.40479360852197066
142 0.09054593874833555 0.3235685752330226 0.26453617399023527 0.3235685752330226 0.26453617399023527 0.4087882822902797 0.09054593874833555 0.4087882822902797
142 0.27163781624500666 0.322237017310253 0.4243231247225922 0.322237017310253 0.4243231247225922 0.41544607190412786 0.27163781624500666 0.41544607190412786
115 0.0017754105636928537 0.06524633821571238 0.14913448735019974 0.06524633821571238 0.14913448735019974 0.1557922769640479 0.0017754105636928537 0.1557922769640479
115 0.007101642254771415 0.15712383488681758 0.1615623612960497 0.15712383488681758 0.1615623612960497 0.255659121171771 0.007101642254771415 0.255659121171771
89 0.007101642254771415 0.4567243675099867 0.06569019085663559 0.4567243675099867 0.06569019085663559 0.5619174434087882 0.007101642254771415 0.5619174434087882
89 0.07279183311140701 0.46870838881491345 0.21482467820683535 0.46870838881491345 0.21482467820683535 0.5552596537949401 0.07279183311140701 0.5552596537949401
89 0.21660008877052825 0.4620505992010652 0.3426542387927209 0.4620505992010652 0.3426542387927209 0.5472703062583223 0.21660008877052825 0.5472703062583223
89 0.3444296493564137 0.45539280958721706 0.5450510430537062 0.45539280958721706 0.5450510430537062 0.5352862849533955 0.3444296493564137 0.5352862849533955
13 0.5539280958721704 0.45539280958721706 0.6853084775854418 0.45539280958721706 0.6853084775854418 0.5299600532623169 0.5539280958721704 0.5299600532623169
13 0.6853084775854418 0.44607190412782954 0.7918331114070128 0.44607190412782954 0.7918331114070128 0.525965379494008 0.6853084775854418 0.525965379494008
13 0.8007101642254771 0.4420772303595206 0.8823790501553485 0.4420772303595206 0.8823790501553485 0.5179760319573902 0.8007101642254771 0.5179760319573902
13 0.887705281846427 0.4474034620505992 0.9622725255215269 0.4474034620505992 0.9622725255215269 0.525965379494008 0.887705281846427 0.525965379494008
13 0.7811806480248557 0.563249001331558 0.8894806924101197 0.563249001331558 0.8894806924101197 0.6191744340878829 0.7811806480248557 0.6191744340878829
128 0.4136706613404349 0.6098535286284953 0.4935641367066133 0.6098535286284953 0.4935641367066133 0.6790945406125166 0.4136706613404349 0.6790945406125166
128 0.4864624944518419 0.5978695073235686 0.584110075454949 0.5978695073235686 0.584110075454949 0.6711051930758989 0.4864624944518419 0.6711051930758989
105 0.5894363071460276 0.5845539280958721 0.7279183311140702 0.5845539280958721 0.7279183311140702 0.6537949400798935 0.5894363071460276 0.6537949400798935
105 0.2947181535730138 0.5805592543275633 0.3533067021748779 0.5805592543275633 0.3533067021748779 0.6271637816245007 0.2947181535730138 0.6271637816245007
105 0.35863293386595646 0.5792276964047937 0.4118952507767421 0.5792276964047937 0.4118952507767421 0.6245006657789614 0.35863293386595646 0.6245006657789614
105 0.22192632046160676 0.6138482023968042 0.28051486906347095 0.6138482023968042 0.28051486906347095 0.6724367509986684 0.22192632046160676 0.6724367509986684
105 0.2201509098979139 0.6724367509986684 0.28406569019085665 0.6724367509986684 0.28406569019085665 0.715046604527297 0.2201509098979139 0.715046604527297
105 0.2822902796271638 0.625832223701731 0.3444296493564137 0.625832223701731 0.3444296493564137 0.66711051930759 0.2822902796271638 0.66711051930759
105 0.3550821127385709 0.6231691078561917 0.41011984021304926 0.6231691078561917 0.41011984021304926 0.6591211717709721 0.3550821127385709 0.6591211717709721
105 0.28406569019085665 0.6697736351531292 0.34975588104749217 0.6697736351531292 0.34975588104749217 0.7137150466045272 0.28406569019085665 0.7137150466045272
105 0.34975588104749217 0.663115845539281 0.39946737683089206 0.663115845539281 0.39946737683089206 0.6910785619174435 0.34975588104749217 0.6910785619174435
128 0.2893919218819352 0.7390146471371505 0.3994673768308921 0.7390146471371505 0.3994673768308921 0.8255659121171772 0.2893919218819352 0.8255659121171772
128 0.28406569019085665 0.833555259653795 0.40124278739458497 0.833555259653795 0.40124278739458497 0.8988015978695072 0.28406569019085665 0.8988015978695072
124 0.0 0.7736351531291611 0.10652463382157124 0.7736351531291611 0.10652463382157124 0.8415446071904128 0.0 0.8415446071904128
124 0.0 0.8708388814913449 0.12072791833111406 0.8708388814913449 0.12072791833111406 0.9307589880159787 0.0 0.9307589880159787
148 0.0 0.6284953395472703 0.0656901908566356 0.6284953395472703 0.0656901908566356 0.6790945406125165 0.0 0.6790945406125165
148 0.06569019085663559 0.6138482023968043 0.15268530847758546 0.6138482023968043 0.15268530847758546 0.6724367509986683 0.06569019085663559 0.6724367509986683
148 0.13138038171327118 0.5845539280958721 0.20594762538837108 0.5845539280958721 0.20594762538837108 0.6245006657789614 0.13138038171327118 0.6245006657789614
148 0.15446071904127828 0.6284953395472703 0.2148246782068353 0.6284953395472703 0.2148246782068353 0.6750998668442078 0.15446071904127828 0.6750998668442078
148 0.005326231691078562 0.6857523302263648 0.07101642254771416 0.6857523302263648 0.07101642254771416 0.733688415446072 0.005326231691078562 0.733688415446072
148 0.07989347536617843 0.6844207723035951 0.14380825565912117 0.6844207723035951 0.14380825565912117 0.7217043941411451 0.07989347536617843 0.7217043941411451
148 0.13138038171327118 0.8322237017310253 0.26808699511762096 0.8322237017310253 0.26808699511762096 0.9307589880159788 0.13138038171327118 0.9307589880159788
148 0.16333777185974255 0.7456724367509987 0.2663115845539281 0.7456724367509987 0.2663115845539281 0.7829560585885486 0.16333777185974255 0.7829560585885486
