98 0.8333333333333335 0.3808411214953271 1.0 0.3808411214953271 1.0 0.5186915887850467 0.8333333333333335 0.5186915887850467
11 0.6277258566978193 0.1822429906542056 0.7492211838006231 0.1822429906542056 0.7492211838006231 0.3119158878504673 0.6277258566978193 0.3119158878504673
40 0.8722741433021807 0.20677570093457945 1.0 0.20677570093457945 1.0 0.2570093457943925 0.8722741433021807 0.2570093457943925
40 0.8707165109034268 0.272196261682243 0.9953271028037384 0.272196261682243 0.9953271028037384 0.316588785046729 0.8707165109034268 0.316588785046729
24 0.5266664861405178 0.1911594563438008 0.629537903299851 0.1911594563438008 0.629537903299851 0.3289807780508561 0.5266664861405178 0.3289807780508561
11 0.4572062984859253 0.19313775282763412 0.5205117859685919 0.19313775282763412 0.5205117859685919 0.24061686843963404 0.4572062984859253 0.24061686843963404
11 0.29630485113414773 0.4252578735974115 0.360489581498518 0.4252578735974115 0.360489581498518 0.4938388183703004 0.29630485113414773 0.4938388183703004
73 0.18523104835007445 0.4371276525004115 0.29689489432644467 0.4371276525004115 0.29689489432644467 0.48130960730602257 0.18523104835007445 0.48130960730602257
74 0.5386866867949629 0.39492399417863383 0.6266109749653331 0.39492399417863383 0.6266109749653331 0.5136217832086336 0.5386866867949629 0.5136217832086336
74 0.4428493313882698 0.2544649358330846 0.5334113482037511 0.2544649358330846 0.5334113482037511 0.3355750916702512 0.4428493313882698 0.3355750916702512
74 0.49208681406466664 0.42393900927485606 0.5404451725583703 0.42393900927485606 0.5404451725583703 0.5057085972733003 0.49208681406466664 0.5057085972733003
74 0.432298298108815 0.4391059489842448 0.4859321138927408 0.4391059489842448 0.4859321138927408 0.4991142756605226 0.432298298108815 0.4991142756605226
61 0.046750294481741346 0.28084223027757843 0.12851988248018567 0.28084223027757843 0.12851988248018567 0.3837136474369116 0.046750294481741346 0.3837136474369116
61 0.11093502484611163 0.26567529056818956 0.21380644200544482 0.26567529056818956 0.21380644200544482 0.36920613988880047 0.11093502484611163 0.36920613988880047
11 0.2075013200820738 0.24457346140730066 0.2567389214574811 0.24457346140730066 0.2567389214574811 0.3665684112436894 0.2075013200820738 0.3665684112436894
104 0.26025589298429597 0.264356426245634 0.319165166058444 0.264356426245634 0.319165166058444 0.3764598936628561 0.26025589298429597 0.3764598936628561
11 0.10111293139592577 0.42987389872635595 0.13804113242748128 0.42987389872635595 0.13804113242748128 0.485925632434967 0.10111293139592577 0.485925632434967
24 0.6374510892351843 0.4437219741131893 0.7200999201153323 0.4437219741131893 0.7200999201153323 0.518237808337578 0.6374510892351843 0.518237808337578
11 0.7176380400465624 0.3798044626840632 0.8365996019410734 0.3798044626840632 0.8365996019410734 0.5183511597685242 0.7176380400465624 0.5183511597685242
46 0.38976836945925153 0.5480915502421518 0.4700432445587997 0.5480915502421518 0.4700432445587997 0.6859128719492074 0.38976836945925153 0.6859128719492074
46 0.49035375512615514 0.5655005592998852 0.5503181196583476 0.5655005592998852 0.5503181196583476 0.6590739829852019 0.49035375512615514 0.6590739829852019
46 0.2998218226609627 0.5408377964680964 0.3597861871931553 0.5408377964680964 0.3597861871931553 0.663426235249635 0.2998218226609627 0.663426235249635
46 0.24952912982751088 0.5321332919392296 0.30272332417058495 0.5321332919392296 0.30272332417058495 0.6460172261919018 0.24952912982751088 0.6460172261919018
46 0.1914990996350665 0.5314079165618242 0.2572664671865035 0.5314079165618242 0.2572664671865035 0.6467426015693074 0.1914990996350665 0.6467426015693074
10 0.5996436453219254 0.5596975562806408 0.7563247268415253 0.5596975562806408 0.7563247268415253 0.6685038628914739 0.5996436453219254 0.6685038628914739
10 0.7785695717486293 0.5995932020379464 0.9768388415728141 0.5995932020379464 0.9768388415728141 0.686638247326613 0.7785695717486293 0.686638247326613
10 0.7563247268415253 0.6706799890236907 0.9778060087426881 0.6706799890236907 0.9778060087426881 0.753372782047924 0.7563247268415253 0.753372782047924
10 0.5580554570173403 0.6554471060981741 0.7466530551427845 0.6554471060981741 0.7466530551427845 0.7250831423291075 0.5580554570173403 0.7250831423291075
140 0.4630416312659304 0.7379895954401906 0.5933163409798924 0.7379895954401906 0.5933163409798924 0.8548120253467325 0.4630416312659304 0.8548120253467325
140 0.594732370433305 0.7910906999431642 0.7504956103086945 0.7910906999431642 0.7504956103086945 0.9079131298497063 0.594732370433305 0.9079131298497063
79 0.7788161993769472 0.8027729429338184 0.9983007646559049 0.8027729429338184 0.9983007646559049 0.954642101812323 0.7788161993769472 0.954642101812323
141 0.0014160294534126306 0.5064687798072253 0.05380911922967998 0.5064687798072253 0.05380911922967998 0.59780267955234 0.0014160294534126306 0.59780267955234
79 0.07929764939110732 0.5128409123475822 0.157179269328802 0.5128409123475822 0.157179269328802 0.6222291876237078 0.07929764939110732 0.6222291876237078
91 0.32398753894080995 0.2757009345794392 0.3971962616822429 0.2757009345794392 0.3971962616822429 0.3668224299065421 0.32398753894080995 0.3668224299065421
55 0.40031152647975077 0.2675233644859813 0.4439252336448598 0.2675233644859813 0.4439252336448598 0.3691588785046729 0.40031152647975077 0.3691588785046729
27 0.7959501557632399 0.14719626168224298 0.9065420560747665 0.14719626168224298 0.9065420560747665 0.19976635514018692 0.7959501557632399 0.19976635514018692
27 0.749221183800623 0.2616822429906542 0.8598130841121495 0.2616822429906542 0.8598130841121495 0.3212616822429906 0.749221183800623 0.3212616822429906
