97 0.6160674656014203 0.40346205059920104 0.6640035508211274 0.40346205059920104 0.6640035508211274 0.47270306258322237 0.6160674656014203 0.47270306258322237
97 0.5574789169995561 0.3715046604527296 0.5876608965823348 0.3715046604527296 0.5876608965823348 0.46870838881491345 0.5574789169995561 0.46870838881491345
97 0.5894363071460276 0.3781624500665779 0.6178428761651132 0.3781624500665779 0.6178428761651132 0.47270306258322237 0.5894363071460276 0.47270306258322237
97 0.6657789613848203 0.41145139813581894 0.6941855304039058 0.41145139813581894 0.6941855304039058 0.47270306258322237 0.6657789613848203 0.47270306258322237
97 0.7030625832223701 0.422103861517976 0.729693741677763 0.422103861517976 0.729693741677763 0.46870838881491345 0.7030625832223701 0.46870838881491345
97 0.1739902352418997 0.38881491344873503 0.21482467820683535 0.38881491344873503 0.21482467820683535 0.4647137150466045 0.1739902352418997 0.4647137150466045
98 0.10297381269418553 0.3901464713715047 0.14025743453173545 0.3901464713715047 0.14025743453173545 0.4620505992010653 0.10297381269418553 0.4620505992010653
98 0.047936085219707054 0.3901464713715047 0.09764758100310696 0.3901464713715047 0.09764758100310696 0.4647137150466045 0.047936085219707054 0.4647137150466045
28 0.5681313803817133 0.17310252996005324 0.6000887705281845 0.17310252996005324 0.6000887705281845 0.2862849533954727 0.5681313803817133 0.2862849533954727
28 0.5308477585441633 0.2010652463382157 0.5699067909454061 0.2010652463382157 0.5699067909454061 0.2996005326231691 0.5308477585441633 0.2996005326231691
19 0.8202396804260985 0.13715046604527298 0.8770528184642697 0.13715046604527298 0.8770528184642697 0.27430093209054596 0.8202396804260985 0.27430093209054596
19 0.7652019529516201 0.1478029294274301 0.8237905015534842 0.1478029294274301 0.8237905015534842 0.27962716378162455 0.7652019529516201 0.27962716378162455
19 0.7367953839325344 0.16910785619174434 0.7740790057700844 0.16910785619174434 0.7740790057700844 0.28495339547270304 0.7367953839325344 0.28495339547270304
67 0.2929427430093209 0.18242343541944078 0.34975588104749217 0.18242343541944078 0.34975588104749217 0.31424766977363516 0.2929427430093209 0.31424766977363516
131 0.862849533954727 0.5818908122503329 0.9125610297381268 0.5818908122503329 0.9125610297381268 0.7057256990679095 0.862849533954727 0.7057256990679095
131 0.9161118508655126 0.5805592543275633 0.9409675987572127 0.5805592543275633 0.9409675987572127 0.6790945406125166 0.9161118508655126 0.6790945406125166
131 0.949844651575677 0.5739014647137151 0.987128273413227 0.5739014647137151 0.987128273413227 0.6790945406125166 0.949844651575677 0.6790945406125166
120 0.8308921438082558 0.7976031957390145 0.8930315135375057 0.7976031957390145 0.8930315135375057 0.8908122503328894 0.8308921438082558 0.8908122503328894
120 0.8983577452285841 0.8042609853528628 0.9516200621393698 0.8042609853528628 0.9516200621393698 0.9054593874833555 0.8983577452285841 0.9054593874833555
120 0.9569462938304483 0.8282290279627164 0.9977807367953839 0.8282290279627164 0.9977807367953839 0.929427430093209 0.9569462938304483 0.929427430093209
39 0.7581003106968488 0.7922769640479362 0.8237905015534843 0.7922769640479362 0.8237905015534843 0.8988015978695073 0.7581003106968488 0.8988015978695073
39 0.6977363515312917 0.7882822902796272 0.7581003106968488 0.7882822902796272 0.7581003106968488 0.8948069241011984 0.6977363515312917 0.8948069241011984
19 0.17754105636928544 0.23302263648468707 0.22547714158899249 0.23302263648468707 0.22547714158899249 0.3235685752330226 0.17754105636928544 0.3235685752330226
19 0.1473590767865069 0.25033288948069243 0.17931646693297823 0.25033288948069243 0.17931646693297823 0.3142476697736352 0.1473590767865069 0.3142476697736352
97 0.39236573457612073 0.37549933422103865 0.41899689303151355 0.37549933422103865 0.41899689303151355 0.4687083888149135 0.39236573457612073 0.4687083888149135
97 0.47225920994229914 0.36351531291611183 0.5059920106524634 0.36351531291611183 0.5059920106524634 0.4687083888149135 0.47225920994229914 0.4687083888149135
3 0.608965823346649 0.1744340878828229 0.6462494451841988 0.1744340878828229 0.6462494451841988 0.2942743009320905 0.608965823346649 0.2942743009320905
3 0.6515756768752774 0.17310252996005324 0.6888592987128274 0.17310252996005324 0.6888592987128274 0.29027962716378164 0.6515756768752774 0.29027962716378164
3 0.6870838881491345 0.16910785619174434 0.7385707944962271 0.16910785619174434 0.7385707944962271 0.28894806924101196 0.6870838881491345 0.28894806924101196
67 0.40039890488219254 0.19780726554178293 0.4312658326152709 0.19780726554178293 0.4312658326152709 0.3085974882980103 0.40039890488219254 0.3085974882980103
7 0.039084746155521176 0.23880866751839208 0.06914993550592206 0.23880866751839208 0.06914993550592206 0.3282526058358349 0.039084746155521176 0.3282526058358349
7 0.07015210848426878 0.25158637299231246 0.09320208698624279 0.25158637299231246 0.09320208698624279 0.32750097610207474 0.07015210848426878 0.32750097610207474
19 0.09520643294293622 0.2463249648559923 0.12226510335829703 0.2463249648559923 0.12226510335829703 0.32374282743327465 0.09520643294293622 0.32374282743327465
51 0.7492232578783845 0.4194407456724367 0.7882822902796272 0.4194407456724367 0.7882822902796272 0.4673768308921438 0.7492232578783845 0.4673768308921438
51 0.7936085219707057 0.41544607190412786 0.82734132268087 0.41544607190412786 0.82734132268087 0.47403462050599204 0.7936085219707057 0.47403462050599204
51 0.8291167332445627 0.41278295605858856 0.8752774079005768 0.41278295605858856 0.8752774079005768 0.47536617842876167 0.8291167332445627 0.47536617842876167
